286 286 1000
0.001 0 0
0 3 4 11 17 -6 2
1 3 5 221 179 -3 -4
2 3 3 89 35 -4 1
3 3 2 275 197 -1 2
4 3 3 23 263 -3 6
5 3 6 29 125 -4 -5
6 3 1 197 203 3 4
7 3 3 185 203 3 2
8 3 2 125 137 4 -5
9 3 6 77 83 2 2
10 3 1 131 89 1 -2
11 3 2 137 251 5 -4
12 3 5 23 107 2 -3
13 3 5 41 143 5 -3
14 3 6 167 239 3 3
15 3 2 263 233 -2 -1
16 3 6 161 101 5 4
17 3 2 155 173 5 3
18 3 4 149 233 -4 -2
19 3 4 29 275 4 -3
20 3 2 53 263 6 -2
21 3 3 101 77 6 3
22 3 1 203 23 6 -6
23 3 4 221 221 2 3
24 3 6 89 47 6 -2
25 3 1 227 143 5 3
26 3 1 161 281 -5 2
27 3 4 221 5 1 4
28 3 6 281 143 -4 4
29 3 1 203 233 -2 5
30 3 1 233 197 3 -2
31 3 6 101 11 1 5
32 3 6 5 191 -1 1
33 3 4 95 239 -3 6
34 3 2 173 191 -1 -1
35 3 6 53 5 6 3
36 3 2 11 161 -2 -5
37 3 1 5 203 -6 3
38 3 2 161 107 1 -4
39 3 3 173 59 5 -4
40 3 2 53 125 -1 4
41 3 3 41 263 -3 6
42 3 6 47 191 5 1
43 3 6 107 17 6 3
44 3 3 257 137 4 -1
45 3 5 257 239 -1 3
46 3 1 227 161 -3 4
47 3 5 263 35 3 2
48 3 6 185 143 -4 1
49 3 6 233 221 4 -6
50 3 3 101 83 3 -3
51 3 4 41 65 -3 3
52 3 2 101 215 -2 -1
53 3 4 221 119 2 5
54 3 3 29 101 5 -4
55 3 6 233 17 -1 -5
56 3 5 203 281 2 5
57 3 2 155 227 -6 5
58 3 6 41 83 4 -4
59 3 6 101 89 3 -6
60 3 4 233 185 1 1
61 3 5 65 185 6 5
62 3 1 209 95 4 2
63 3 2 89 107 -2 2
64 3 4 263 257 -5 1
65 3 2 119 167 -3 3
66 3 4 23 173 2 -1
67 3 5 233 119 2 -5
68 3 1 59 17 -5 5
69 3 4 209 227 5 -6
70 3 5 101 125 6 -3
71 3 4 119 155 -4 1
72 3 1 161 17 -2 5
73 3 4 47 269 -6 -3
74 3 3 281 5 3 2
75 3 5 161 155 3 -4
76 3 3 185 281 -2 3
77 3 6 131 35 -4 2
78 3 6 155 107 -2 -5
79 3 6 23 71 -2 -6
80 3 5 197 161 -1 3
81 3 6 143 77 -5 -6
82 3 3 245 59 5 -3
83 3 2 41 245 5 -3
84 3 1 233 125 -3 -3
85 3 5 257 59 3 1
86 3 3 203 119 1 2
87 3 2 83 221 5 4
88 3 2 107 107 -5 -5
89 3 4 197 263 3 3
90 3 6 5 119 1 -1
91 3 1 215 35 -5 -6
92 3 2 137 107 -6 -3
93 3 6 143 113 4 -3
94 3 6 221 233 6 -3
95 3 5 167 113 -4 6
96 3 5 227 149 6 -6
97 3 3 119 113 -3 -3
98 3 1 233 95 -2 -5
99 3 6 239 215 4 3
100 3 3 47 119 -3 5
101 3 2 269 29 -1 2
102 3 2 221 281 6 -5
103 3 3 239 89 -1 3
104 3 6 77 131 -3 -2
105 3 4 35 227 -4 6
106 3 2 89 119 2 -4
107 3 2 11 59 -1 -5
108 3 3 65 209 -3 4
109 3 6 215 41 4 -5
110 3 5 131 269 -6 -5
111 3 5 227 41 -5 4
112 3 3 83 275 -3 6
113 3 1 143 275 5 1
114 3 5 167 269 -3 5
115 3 4 131 191 -6 6
116 3 4 137 221 4 -5
117 3 5 5 209 -1 -4
118 3 4 71 239 1 -3
119 3 5 83 53 6 3
120 3 3 95 5 -1 -2
121 3 3 185 65 2 -1
122 3 6 89 227 6 6
123 3 6 53 95 4 6
124 3 3 11 257 -3 -4
125 3 6 107 161 -2 -1
126 3 6 197 23 2 3
127 3 3 47 107 -3 4
128 3 2 137 131 5 -3
129 3 4 65 197 1 -1
130 3 4 41 275 -3 2
131 3 6 233 149 5 6
132 3 2 191 269 -3 -4
133 3 2 29 113 5 2
134 3 6 179 191 -1 -6
135 3 1 125 167 -6 -2
136 3 6 41 89 3 -5
137 3 2 197 167 5 -5
138 3 3 11 227 -3 4
139 3 4 59 41 -6 -5
140 3 1 5 47 -3 -4
141 3 4 203 59 -4 6
142 3 5 101 47 1 1
143 3 6 17 161 -6 2
144 3 3 41 161 1 -5
145 3 1 65 41 2 1
146 3 2 143 65 2 4
147 3 3 227 155 1 6
148 3 1 263 149 -4 -6
149 3 5 89 95 2 3
150 3 5 233 71 2 6
151 3 1 215 89 -4 -2
152 3 2 185 149 -3 -6
153 3 4 17 263 4 5
154 3 6 251 149 6 -2
155 3 2 143 191 6 -4
156 3 5 173 119 -3 6
157 3 6 185 41 -6 -5
158 3 1 65 65 -4 -2
159 3 3 47 65 -2 -1
160 3 5 71 263 4 6
161 3 4 191 173 2 4
162 3 1 53 245 -3 -4
163 3 3 221 107 -1 -1
164 3 1 143 203 5 -3
165 3 6 239 11 1 -1
166 3 4 173 131 -4 -1
167 3 5 101 161 -1 -3
168 3 5 167 281 -5 -2
169 3 4 137 215 -2 -4
170 3 1 251 5 5 -2
171 3 5 89 59 2 4
172 3 2 167 257 -4 -6
173 3 6 35 197 1 -4
174 3 2 131 143 -4 -1
175 3 2 83 251 1 -5
176 3 3 269 239 -5 4
177 3 4 251 215 -6 4
178 3 5 269 125 5 6
179 3 1 161 143 -1 -4
180 3 2 257 167 2 4
181 3 2 161 125 -6 -3
182 3 3 35 35 -3 6
183 3 2 251 89 -4 -3
184 3 6 209 155 -2 1
185 3 5 233 167 -6 -5
186 3 1 185 233 5 2
187 3 1 137 53 4 2
188 3 2 215 173 3 6
189 3 4 221 269 3 1
190 3 1 119 83 1 1
191 3 1 281 89 -2 -1
192 3 3 269 281 -4 -1
193 3 1 77 191 1 -6
194 3 6 179 113 2 6
195 3 6 71 173 6 1
196 3 4 251 281 3 2
197 3 4 227 281 -5 3
198 3 1 143 257 -6 5
199 3 2 17 155 3 2
200 3 5 269 209 -6 3
201 3 6 5 5 2 -5
202 3 6 197 221 -1 -1
203 3 1 95 185 -6 4
204 3 5 89 149 3 -5
205 3 1 257 65 5 1
206 3 5 227 59 -5 5
207 3 2 65 107 4 -2
208 3 4 65 11 -4 -5
209 3 1 83 137 -3 -3
210 3 5 275 83 1 -2
211 3 2 227 269 -3 1
212 3 1 281 173 -6 3
213 3 1 179 77 -2 2
214 3 4 263 113 4 -4
215 3 3 125 83 5 1
216 3 2 245 239 5 2
217 3 1 173 143 4 -2
218 3 1 119 257 5 -2
219 3 4 269 101 6 5
220 3 2 239 245 1 -4
221 3 2 227 95 -6 4
222 3 4 167 41 3 4
223 3 2 149 269 -6 6
224 3 1 47 185 2 -4
225 3 4 185 119 1 -4
226 3 2 71 95 -3 2
227 3 2 245 209 -2 -5
228 3 6 53 281 6 5
229 3 1 167 119 5 -6
230 3 4 281 167 -4 -5
231 3 5 125 77 6 -5
232 3 6 251 77 -1 -2
233 3 3 167 167 -6 -5
234 3 6 245 221 -5 -1
235 3 3 167 221 3 -5
236 3 4 245 107 -2 -6
237 3 3 11 47 -3 4
238 3 5 89 23 5 4
239 3 3 65 95 -5 6
240 3 4 113 53 3 -6
241 3 2 209 125 3 -1
242 3 6 113 149 -5 -2
243 3 4 59 143 -4 1
244 3 5 95 35 4 3
245 3 5 95 143 4 1
246 3 5 35 29 -2 -3
247 3 6 203 185 -5 -2
248 3 3 29 239 1 1
249 3 4 113 209 2 3
250 3 4 215 281 -4 3
251 3 2 113 167 -2 -1
252 3 3 209 53 -6 -2
253 3 5 251 275 3 1
254 3 5 95 149 4 2
255 3 1 263 251 -3 -1
256 3 3 119 149 -3 -6
257 3 3 125 65 -2 -3
258 3 6 221 185 -3 6
259 3 3 167 5 1 2
260 3 4 239 173 3 3
261 3 2 23 191 -6 5
262 3 3 5 179 -4 5
263 3 4 251 11 3 6
264 3 6 77 155 5 2
265 3 4 23 35 3 1
266 3 2 143 101 -5 -3
267 3 2 119 143 -5 2
268 3 6 275 185 1 4
269 3 5 215 107 -2 -4
270 3 4 173 83 3 -1
271 3 1 275 41 -1 -6
272 3 3 197 233 -3 1
273 3 4 53 173 6 -6
274 3 1 185 29 5 4
275 3 5 47 53 -1 -3
276 3 6 257 107 -6 3
277 3 1 275 269 2 6
278 3 4 113 137 4 5
279 3 2 47 275 -6 -6
280 3 2 89 167 6 5
281 3 6 77 65 -4 1
282 3 3 221 161 5 -5
283 3 2 191 5 -1 2
284 3 6 5 35 5 -1
285 3 2 11 173 1 1
286 3 2 11 245 6 4
287 3 6 89 17 -3 5
288 3 4 119 11 4 1
289 3 5 125 173 2 2
290 3 2 17 113 -4 5
291 3 1 23 11 6 -4
292 3 3 107 173 2 4
293 3 6 65 275 -3 -6
294 3 3 233 29 3 -6
295 3 2 41 5 5 -1
296 3 6 107 137 1 5
297 3 3 203 107 3 5
298 3 6 215 131 5 4
299 3 2 149 155 4 4
300 3 5 257 95 6 1
301 3 4 233 47 3 4
302 3 1 161 41 6 3
303 3 6 155 155 -6 -2
304 3 1 35 41 -2 3
305 3 6 41 137 6 6
306 3 5 47 11 -6 3
307 3 6 173 245 1 5
308 3 2 125 251 1 -3
309 3 6 161 275 -3 3
310 3 6 185 95 -3 1
311 3 2 65 77 -1 -2
312 3 4 173 65 -3 6
313 3 2 281 101 3 -1
314 3 3 83 107 1 6
315 3 1 101 269 3 -4
316 3 1 275 71 -5 -2
317 3 3 197 71 1 -2
318 3 4 281 35 2 -5
319 3 5 65 53 -4 5
320 3 2 137 245 -5 1
321 3 1 83 281 6 -1
322 3 1 185 53 -3 5
323 3 3 65 269 6 2
324 3 3 35 77 -1 6
325 3 1 17 53 2 -1
326 3 6 143 221 6 -5
327 3 4 233 275 -6 -1
328 3 3 83 203 4 -1
329 3 6 191 47 -1 -4
330 3 4 113 77 4 5
331 3 6 59 185 1 -3
332 3 3 245 161 6 3
333 3 4 95 107 5 -6
334 3 1 233 215 2 6
335 3 1 83 125 -1 -4
336 3 2 89 83 3 6
337 3 2 161 203 1 1
338 3 4 107 179 -2 5
339 3 5 65 23 6 6
340 3 1 83 5 1 5
341 3 4 269 215 6 6
342 3 6 203 53 -3 -5
343 3 2 281 191 4 1
344 3 2 251 143 2 1
345 3 4 197 47 -6 3
346 3 4 113 161 -5 -5
347 3 2 107 209 -2 -4
348 3 6 113 11 1 6
349 3 2 125 95 -4 -4
350 3 6 119 17 1 1
351 3 2 35 11 -1 2
352 3 1 197 95 -6 4
353 3 2 107 251 -5 4
354 3 4 77 47 -3 -4
355 3 5 215 119 5 -3
356 3 1 275 263 4 -3
357 3 6 41 203 -5 -2
358 3 4 83 257 -1 4
359 3 5 275 53 -2 4
360 3 6 203 251 4 -5
361 3 2 221 131 3 2
362 3 1 227 263 1 -4
363 3 3 71 41 -4 -4
364 3 1 233 107 -4 -3
365 3 5 71 77 3 6
366 3 4 257 269 -5 4
367 3 4 197 17 4 6
368 3 4 197 59 4 -4
369 3 2 71 227 5 -3
370 3 5 233 131 4 -5
371 3 6 179 35 -2 -1
372 3 1 29 167 4 -4
373 3 4 227 47 -3 2
374 3 5 191 131 -3 2
375 3 2 149 101 6 5
376 3 5 191 251 5 2
377 3 4 53 215 -6 -6
378 3 5 191 275 -5 3
379 3 6 83 179 6 -5
380 3 2 137 125 -2 6
381 3 6 89 251 -2 1
382 3 1 185 5 4 2
383 3 2 65 161 2 5
384 3 2 23 131 -4 -5
385 3 5 149 131 -3 -6
386 3 3 239 137 2 5
387 3 3 281 83 -6 -5
388 3 2 221 137 6 -3
389 3 3 89 131 6 -2
390 3 1 227 185 -4 -6
391 3 3 143 137 4 -4
392 3 6 179 185 -5 5
393 3 1 269 143 4 -2
394 3 2 203 209 2 -1
395 3 5 143 119 4 -3
396 3 5 83 155 -3 -5
397 3 1 59 167 3 -1
398 3 1 275 245 -4 -4
399 3 5 23 23 -5 1
400 3 6 59 191 -2 -3
401 3 2 215 239 -4 1
402 3 4 119 173 6 2
403 3 4 89 101 6 -4
404 3 4 77 179 2 2
405 3 2 239 263 2 2
406 3 3 35 281 2 4
407 3 1 53 113 -4 4
408 3 2 257 47 1 1
409 3 6 101 197 -6 5
410 3 1 131 59 -6 -4
411 3 4 269 131 -1 4
412 3 5 119 65 4 6
413 3 4 275 95 -3 5
414 3 1 59 221 -3 -1
415 3 5 251 71 1 -3
416 3 6 113 203 4 -4
417 3 6 47 239 -4 2
418 3 2 71 65 3 -2
419 3 3 185 23 4 6
420 3 6 77 95 6 4
421 3 1 131 113 -3 -6
422 3 4 125 59 -2 3
423 3 4 17 185 2 -6
424 3 4 77 257 6 1
425 3 5 281 257 -1 -5
426 3 1 275 251 5 2
427 3 3 275 89 -3 -5
428 3 4 17 131 6 -6
429 3 5 5 275 6 -6
430 3 4 221 251 -4 6
431 3 6 239 155 -2 -4
432 3 1 149 257 4 -4
433 3 3 41 47 6 4
434 3 6 257 131 6 2
435 3 5 53 77 2 -2
436 3 5 167 185 -5 -5
437 3 6 161 239 2 2
438 3 4 113 89 -5 -4
439 3 5 185 251 6 2
440 3 6 173 251 5 6
441 3 2 155 233 2 -1
442 3 6 119 41 -5 -2
443 3 2 11 11 1 -4
444 3 4 179 239 -5 3
445 3 4 71 155 -2 2
446 3 2 275 173 4 6
447 3 3 221 65 -1 -3
448 3 4 23 29 6 4
449 3 1 215 23 -2 -3
450 3 4 11 263 3 -5
451 3 2 23 143 -6 -6
452 3 4 131 257 -2 6
453 3 4 209 221 4 -3
454 3 5 149 89 1 -2
455 3 1 53 209 4 -6
456 3 2 65 263 -1 -5
457 3 2 95 89 -3 -5
458 3 2 281 251 5 -4
459 3 2 275 65 1 -2
460 3 1 155 23 4 -2
461 3 6 215 5 4 -3
462 3 3 113 71 -5 4
463 3 2 11 23 3 1
464 3 1 11 101 -6 -6
465 3 3 119 137 5 -5
466 3 6 131 23 2 4
467 3 5 269 53 -2 -5
468 3 2 11 65 6 1
469 3 2 131 119 -5 4
470 3 1 59 23 -1 2
471 3 3 203 125 -5 -1
472 3 2 5 239 -6 -3
473 3 3 209 107 3 5
474 3 2 83 149 -5 4
475 3 1 29 269 5 5
476 3 5 233 179 3 -4
477 3 4 239 233 2 -5
478 3 1 215 47 -5 -6
479 3 3 179 257 6 3
480 3 1 257 191 -3 -1
481 3 5 17 197 6 2
482 3 5 257 149 5 -3
483 3 5 281 11 3 6
484 3 6 239 167 -2 -1
485 3 3 197 113 -3 1
486 3 1 149 83 -3 -6
487 3 3 161 47 -6 6
488 3 2 125 41 3 -6
489 3 5 71 101 1 -1
490 3 1 197 89 -4 4
491 3 2 167 35 -5 1
492 3 5 239 119 -6 4
493 3 6 185 275 -4 5
494 3 6 125 245 -5 4
495 3 6 239 107 -6 1
496 3 4 47 95 6 4
497 3 6 281 245 -2 5
498 3 4 161 179 5 4
499 3 5 209 251 6 5
500 3 3 209 113 -5 -6
501 3 3 269 185 -4 -3
502 3 1 167 131 1 -3
503 3 6 221 203 -2 -4
504 3 3 131 11 2 5
505 3 3 269 269 -3 -4
506 3 5 251 41 1 -5
507 3 3 143 5 6 -4
508 3 6 131 41 1 -5
509 3 2 29 257 -6 -1
510 3 1 17 209 6 -6
511 3 3 29 161 5 3
512 3 3 269 275 -3 2
513 3 2 233 161 4 5
514 3 1 83 47 4 -4
515 3 3 89 11 6 -4
516 3 2 131 5 -2 5
517 3 4 29 83 -6 2
518 3 4 269 263 3 -3
519 3 6 203 275 -6 1
520 3 3 17 23 -5 -1
521 3 5 263 5 -5 -5
522 3 2 167 215 -5 1
523 3 6 233 239 5 3
524 3 1 65 221 -3 -5
525 3 5 17 191 -1 -6
526 3 3 35 215 -1 5
527 3 5 35 95 4 5
528 3 4 185 11 -1 5
529 3 4 119 77 5 1
530 3 5 215 29 6 -5
531 3 1 149 5 -5 6
532 3 5 101 167 6 -4
533 3 5 251 83 -2 6
534 3 3 35 23 4 1
535 3 5 149 29 4 -3
536 3 2 179 161 -4 3
537 3 5 35 275 4 -4
538 3 1 263 95 -4 6
539 3 4 11 191 4 4
540 3 2 59 83 -2 3
541 3 6 197 29 -3 1
542 3 3 23 101 1 -3
543 3 3 89 41 1 -5
544 3 5 101 95 6 -2
545 3 2 23 53 -2 3
546 3 1 5 101 4 -6
547 3 2 59 239 -6 -1
548 3 6 155 47 6 -4
549 3 6 65 143 4 2
550 3 6 95 167 3 -5
551 3 3 107 89 -6 4
552 3 5 281 227 -4 -1
553 3 2 149 215 -2 -5
554 3 2 227 275 2 4
555 3 4 101 281 4 -6
556 3 5 29 215 -1 3
557 3 6 281 209 -1 -2
558 3 4 197 41 -5 -2
559 3 5 77 221 -4 5
560 3 5 263 131 -3 -2
561 3 4 83 131 -2 1
562 3 6 119 47 5 -3
563 3 4 41 71 -4 4
564 3 6 263 185 -4 6
565 3 1 23 251 -4 -6
566 3 6 191 95 -3 -2
567 3 3 161 137 3 -1
568 3 2 257 161 -1 -3
569 3 6 221 113 3 4
570 3 6 47 197 5 6
571 3 6 245 11 4 -2
572 3 4 11 251 -5 4
573 3 3 251 95 -1 4
574 3 3 197 5 3 5
575 3 1 221 17 -3 4
576 3 4 167 65 -2 -6
577 3 4 5 257 -2 5
578 3 5 47 215 6 5
579 3 4 239 179 -5 2
580 3 2 263 239 -2 4
581 3 2 35 71 5 -6
582 3 1 275 215 -6 -6
583 3 4 233 11 -5 4
584 3 5 185 125 5 -3
585 3 2 77 239 3 -6
586 3 2 137 113 -3 -6
587 3 2 89 281 1 -2
588 3 4 263 71 -3 4
589 3 4 221 41 2 -1
590 3 2 227 17 -2 -3
591 3 4 215 77 3 -6
592 3 2 95 251 -1 3
593 3 6 161 221 3 3
594 3 6 167 11 -1 -1
595 3 2 173 53 -4 -4
596 3 1 119 275 -5 -5
597 3 1 179 59 -1 -5
598 3 6 155 179 -2 2
599 3 2 77 125 1 5
600 3 6 47 131 4 4
601 3 3 263 77 -4 -2
602 3 2 17 233 -4 -3
603 3 3 233 263 -4 6
604 3 4 155 209 1 -5
605 3 2 35 161 -4 -6
606 3 6 179 221 6 6
607 3 1 125 119 3 -3
608 3 3 35 17 -3 1
609 3 6 59 59 -5 6
610 3 5 137 143 4 3
611 3 5 113 281 -4 -1
612 3 1 53 59 -1 -5
613 3 5 203 173 5 -2
614 3 3 251 17 -6 -6
615 3 6 17 221 -4 4
616 3 3 173 5 3 2
617 3 4 239 209 -2 4
618 3 1 23 149 1 6
619 3 1 95 17 6 -5
620 3 3 83 161 2 6
621 3 1 47 17 2 -1
622 3 1 167 191 1 -3
623 3 4 179 11 -6 -6
624 3 3 251 35 5 2
625 3 5 29 263 4 -6
626 3 2 179 143 1 -2
627 3 4 245 53 -3 3
628 3 1 281 77 1 -6
629 3 2 53 155 -5 -4
630 3 6 53 197 -1 2
631 3 6 209 101 -6 -6
632 3 5 275 149 -2 2
633 3 2 161 251 6 -3
634 3 3 53 221 4 3
635 3 2 155 119 -4 -5
636 3 2 275 101 2 1
637 3 3 245 125 2 5
638 3 1 59 107 1 5
639 3 1 65 155 3 2
640 3 6 17 179 -1 6
641 3 1 173 125 -2 -2
642 3 4 185 167 5 1
643 3 4 167 89 -6 1
644 3 1 257 245 4 -2
645 3 5 23 257 6 3
646 3 5 233 227 -3 -1
647 3 2 83 167 -5 -3
648 3 5 113 143 3 3
649 3 4 23 41 4 -3
650 3 6 5 53 -5 3
651 3 1 65 29 4 -2
652 3 3 155 71 -2 1
653 3 5 281 59 4 3
654 3 5 17 251 3 -6
655 3 5 251 47 3 -1
656 3 2 29 95 5 -4
657 3 5 191 11 -5 3
658 3 2 35 137 -2 2
659 3 5 149 11 1 4
660 3 5 161 83 1 -5
661 3 4 125 233 5 -5
662 3 5 179 173 -1 -4
663 3 3 143 89 2 -2
664 3 4 47 281 6 4
665 3 2 155 257 -2 5
666 3 2 47 173 2 -4
667 3 1 71 269 -4 2
668 3 5 257 209 -3 -6
669 3 3 143 83 -5 -1
670 3 1 77 167 -3 2
671 3 1 149 107 -5 2
672 3 1 71 149 -4 3
673 3 2 11 29 -3 3
674 3 3 83 209 -4 -2
675 3 6 107 5 -2 3
676 3 2 233 191 -4 4
677 3 2 131 161 -3 1
678 3 3 77 23 -4 -2
679 3 3 131 47 4 -3
680 3 2 179 5 -1 -5
681 3 1 275 179 -4 -5
682 3 4 239 71 4 3
683 3 2 149 263 6 -1
684 3 5 203 203 1 3
685 3 2 281 149 -4 6
686 3 3 113 221 -2 -5
687 3 3 137 95 5 -2
688 3 3 221 47 -4 -5
689 3 1 125 227 5 -1
690 3 1 35 221 -2 1
691 3 5 143 227 -1 -4
692 3 6 161 173 -1 2
693 3 5 269 161 -4 3
694 3 1 17 137 4 -3
695 3 6 113 23 -2 3
696 3 2 137 203 6 -1
697 3 3 29 179 1 5
698 3 5 149 251 6 4
699 3 3 245 41 -5 -3
700 3 6 191 221 6 1
701 3 4 95 233 5 5
702 3 5 203 77 -2 -2
703 3 6 221 77 -1 1
704 3 4 101 245 -2 -1
705 3 4 5 233 -6 -6
706 3 1 221 95 -6 -4
707 3 5 251 155 -5 1
708 3 1 113 269 6 2
709 3 3 197 281 1 5
710 3 1 77 5 4 -2
711 3 5 29 53 4 2
712 3 1 131 275 1 -6
713 3 4 65 17 -3 1
714 3 6 107 29 -1 -2
715 3 5 167 95 -2 5
716 3 5 221 101 6 2
717 3 6 185 17 -1 -6
718 3 2 221 215 6 -5
719 3 3 23 275 3 6
720 3 3 245 179 -1 3
721 3 1 227 221 1 1
722 3 5 71 89 1 -5
723 3 1 131 65 3 -2
724 3 6 149 197 -2 -6
725 3 4 275 239 -4 4
726 3 1 47 227 -6 -5
727 3 1 29 209 -6 1
728 3 2 5 281 2 1
729 3 4 245 149 2 4
730 3 3 53 233 1 5
731 3 4 245 101 -1 1
732 3 3 131 209 3 -5
733 3 4 191 179 6 2
734 3 4 59 251 6 -5
735 3 1 149 275 -4 6
736 3 4 107 185 -5 -5
737 3 4 269 119 -2 5
738 3 6 209 11 6 2
739 3 4 137 41 3 2
740 3 2 227 101 3 -6
741 3 5 245 257 -6 -3
742 3 5 269 245 3 -2
743 3 2 125 107 1 6
744 3 1 59 257 6 -5
745 3 4 95 215 -2 4
746 3 2 239 35 -2 6
747 3 2 95 173 -5 -6
748 3 4 65 83 4 -4
749 3 4 107 221 -3 4
750 3 3 11 41 -2 2
751 3 1 263 53 4 -3
752 3 5 275 161 2 -1
753 3 3 209 65 2 -6
754 3 5 203 179 -3 6
755 3 2 161 89 2 -1
756 3 5 5 215 -3 3
757 3 5 179 203 -1 2
758 3 1 77 233 -5 6
759 3 2 131 215 -5 2
760 3 6 5 11 3 -4
761 3 5 101 173 4 -6
762 3 2 233 23 4 2
763 3 6 143 29 -1 -1
764 3 6 269 173 5 1
765 3 1 179 281 4 5
766 3 5 23 167 3 -1
767 3 4 191 119 -1 5
768 3 3 179 209 -4 -3
769 3 5 17 95 -4 2
770 3 5 233 35 4 -4
771 3 2 17 35 4 -3
772 3 2 95 257 3 3
773 3 5 239 281 -6 4
774 3 6 179 125 -4 -4
775 3 1 137 209 5 3
776 3 5 101 251 4 2
777 3 2 113 65 4 -6
778 3 6 227 23 6 -1
779 3 3 155 251 -5 5
780 3 3 77 185 -5 -4
781 3 6 65 251 -3 -5
782 3 1 263 107 4 2
783 3 3 89 263 -2 5
784 3 1 191 29 1 -2
785 3 1 101 179 -1 3
786 3 1 113 5 -6 -4
787 3 1 137 29 3 4
788 3 6 107 275 -4 -5
789 3 4 17 89 -5 -1
790 3 5 131 245 3 2
791 3 2 113 275 4 4
792 3 6 263 155 4 5
793 3 3 137 161 -1 4
794 3 6 35 191 4 -5
795 3 5 83 35 -1 -5
796 3 4 197 185 2 -5
797 3 5 161 35 6 2
798 3 3 59 149 -3 4
799 3 5 65 35 2 -6
800 3 1 17 227 -6 3
801 3 2 221 197 -4 -3
802 3 2 17 257 -2 -2
803 3 4 269 89 -1 1
804 3 3 41 155 1 -4
805 3 6 11 275 -4 2
806 3 4 89 173 1 -3
807 3 2 239 47 6 -6
808 3 3 107 95 4 4
809 3 1 281 53 -3 -1
810 3 3 155 221 -4 -6
811 3 2 149 113 6 6
812 3 4 65 119 -2 3
813 3 6 119 203 -1 5
814 3 6 47 125 -5 -5
815 3 4 5 65 -4 -4
816 3 6 275 125 -2 3
817 3 1 173 107 5 1
818 3 1 275 275 -6 3
819 3 6 83 173 -6 -4
820 3 6 251 107 4 1
821 3 1 257 53 5 -4
822 3 4 203 161 -5 -2
823 3 6 149 227 -2 5
824 3 6 65 89 3 4
825 3 2 167 149 -1 -6
826 3 2 155 281 -2 3
827 3 1 251 113 -3 4
828 3 2 155 95 -2 -6
829 3 1 71 125 -1 -6
830 3 5 107 167 -1 -6
831 3 5 101 53 -3 5
832 3 4 41 131 3 -3
833 3 1 65 179 1 -4
834 3 5 107 281 -6 5
835 3 3 257 5 -6 -1
836 3 1 209 179 -6 -4
837 3 5 137 77 2 4
838 3 3 161 209 -5 -6
839 3 4 11 107 -1 -6
840 3 5 89 77 2 -5
841 3 2 131 131 -3 1
842 3 6 83 269 -4 1
843 3 5 173 269 -6 4
844 3 4 155 215 3 -4
845 3 5 191 203 5 -3
846 3 5 197 275 1 1
847 3 4 113 41 -4 3
848 3 1 89 245 6 6
849 3 5 227 227 1 -6
850 3 2 275 107 2 -5
851 3 5 239 101 6 6
852 3 4 251 125 -5 -4
853 3 3 5 173 6 4
854 3 2 155 245 2 1
855 3 2 41 119 -6 4
856 3 1 107 245 4 5
857 3 5 155 53 -2 3
858 3 2 263 17 5 -1
859 3 1 137 83 1 -5
860 3 2 5 23 6 -4
861 3 6 197 269 1 -5
862 3 2 173 257 -4 -4
863 3 4 161 59 -4 -6
864 3 4 167 233 2 -5
865 3 1 161 215 -6 -6
866 3 6 245 23 6 -3
867 3 5 209 59 2 -5
868 3 6 41 29 -4 3
869 3 5 11 71 4 1
870 3 6 65 113 6 -4
871 3 5 269 83 1 -4
872 3 3 29 281 6 5
873 3 1 113 101 -4 5
874 3 2 191 107 3 -4
875 3 4 143 131 3 5
876 3 5 29 47 -5 4
877 3 2 215 53 6 5
878 3 2 179 137 -3 -6
879 3 5 167 71 -5 3
880 3 4 47 167 -6 -4
881 3 3 155 17 6 4
882 3 6 149 77 -3 -1
883 3 4 101 263 -5 2
884 3 3 197 131 -3 -1
885 3 6 5 245 -1 3
886 3 1 89 53 -6 -3
887 3 3 113 119 1 -3
888 3 1 221 125 -6 6
889 3 5 269 191 -6 1
890 3 5 29 149 3 3
891 3 5 251 269 3 2
892 3 4 233 77 -6 4
893 3 2 77 197 -6 -6
894 3 3 5 149 4 5
895 3 5 239 83 4 4
896 3 3 5 59 -5 4
897 3 4 89 257 -2 4
898 3 4 83 245 -1 4
899 3 6 95 53 3 -2
900 3 6 113 113 -4 -5
901 3 1 269 113 -6 -6
902 3 3 209 35 -5 6
903 3 5 53 227 -5 -2
904 3 3 71 191 -6 5
905 3 5 269 23 -5 2
906 3 3 143 269 3 3
907 3 6 125 11 -4 -4
908 3 2 191 137 -2 4
909 3 5 95 155 -5 2
910 3 1 263 221 2 5
911 3 2 173 185 2 -2
912 3 5 107 65 3 5
913 3 3 113 29 6 -3
914 3 4 119 119 -3 -2
915 3 6 23 95 1 2
916 3 4 233 41 -1 -5
917 3 4 269 41 1 5
918 3 5 53 167 4 -3
919 3 6 233 101 -4 3
920 3 3 239 5 5 -5
921 3 6 35 185 -5 -4
922 3 4 191 89 4 1
923 3 5 161 131 1 -3
924 3 1 269 35 -1 -6
925 3 4 125 281 -5 6
926 3 1 41 23 1 -4
927 3 6 155 203 1 -6
928 3 5 257 251 -1 -4
929 3 4 149 161 -4 -5
930 3 5 179 29 2 -2
931 3 1 23 125 5 4
932 3 5 203 71 6 6
933 3 5 221 89 -3 -6
934 3 6 149 23 -3 3
935 3 6 209 131 -6 2
936 3 2 221 191 -4 5
937 3 5 101 275 2 -6
938 3 3 281 71 -3 6
939 3 2 5 269 -6 5
940 3 4 257 23 1 3
941 3 5 143 125 -2 -3
942 3 1 89 185 -3 -6
943 3 4 149 47 -3 4
944 3 5 59 47 -2 2
945 3 5 245 263 4 6
946 3 3 101 35 4 -6
947 3 1 23 179 4 -5
948 3 4 143 107 -1 4
949 3 3 245 251 -6 -1
950 3 3 113 47 1 1
951 3 3 113 263 -1 -3
952 3 1 41 179 -2 -5
953 3 4 173 101 -3 -5
954 3 3 101 227 -6 -2
955 3 2 179 245 1 3
956 3 3 83 143 -6 6
957 3 5 167 125 2 -5
958 3 6 11 131 6 -3
959 3 3 47 29 -1 -2
960 3 3 41 269 6 1
961 3 2 179 197 -1 -4
962 3 6 47 155 5 -6
963 3 4 155 59 -5 -5
964 3 5 137 239 4 2
965 3 1 119 185 -5 -2
966 3 4 281 47 -2 -5
967 3 4 23 185 -5 -6
968 3 6 167 59 1 4
969 3 6 185 161 2 4
970 3 1 215 149 -2 -6
971 3 3 167 143 -2 -5
972 3 4 65 227 2 4
973 3 5 257 119 4 -4
974 3 5 89 215 -6 6
975 3 1 221 173 -5 -6
976 3 3 125 203 2 4
977 3 4 227 215 -4 5
978 3 2 95 119 5 1
979 3 5 17 203 -6 -6
980 3 4 251 119 5 6
981 3 2 167 263 6 -6
982 3 3 53 89 -2 4
983 3 4 197 251 -3 -4
984 3 3 185 263 5 -3
985 3 2 29 59 -2 -2
986 3 6 263 65 6 4
987 3 1 191 233 6 5
988 3 5 245 77 3 -6
989 3 4 113 155 -4 -2
990 3 1 83 23 1 1
991 3 6 269 65 4 -5
992 3 1 113 59 4 5
993 3 3 119 71 -4 -5
994 3 4 17 11 3 3
995 3 5 125 185 -2 6
996 3 1 113 17 1 1
997 3 1 143 173 -5 4
998 3 6 125 155 -4 6
999 3 6 95 269 -3 6
