3000 3000 500
0.001 0 0
0 3 4 2921 1109 -6 -6
1 3 3 1907 2501 -3 -5
2 3 3 437 323 4 6
3 3 2 863 1085 5 2
4 3 6 1409 2741 3 -2
5 3 4 2201 623 -2 -6
6 3 5 1667 1715 -4 6
7 3 2 1061 1469 -1 -5
8 3 2 1625 461 -4 6
9 3 4 1991 335 3 4
10 3 4 35 1103 -1 3
11 3 3 935 2261 3 2
12 3 2 1247 1829 5 6
13 3 6 1457 1685 4 -4
14 3 4 41 1151 3 -6
15 3 3 1043 989 -4 2
16 3 3 1235 2303 -5 -5
17 3 3 2183 719 3 -2
18 3 4 299 857 5 2
19 3 4 1733 2045 3 3
20 3 3 965 599 -2 -3
21 3 2 1121 527 3 6
22 3 2 1715 1775 4 5
23 3 6 35 2597 6 2
24 3 1 1127 1331 -3 -4
25 3 2 2723 1637 -1 -2
26 3 2 437 1991 -4 6
27 3 5 2303 1337 4 -1
28 3 3 1199 1523 -2 -3
29 3 3 2423 335 1 -5
30 3 5 1559 533 6 -5
31 3 5 1493 533 2 5
32 3 2 221 2519 -3 4
33 3 1 1961 1169 4 5
34 3 6 1493 1469 2 1
35 3 3 2873 1265 4 -2
36 3 2 2057 2147 1 -1
37 3 5 113 2867 6 -3
38 3 6 1463 1679 -5 5
39 3 1 1013 77 -2 4
40 3 6 2843 917 5 -5
41 3 4 2939 2885 2 6
42 3 2 1757 2147 4 6
43 3 2 2099 2081 6 6
44 3 1 2669 71 -1 1
45 3 4 257 1853 4 -2
46 3 3 761 851 2 -1
47 3 2 2327 185 4 -2
48 3 6 419 1049 -4 5
49 3 1 251 1307 -6 -3
50 3 2 743 371 5 -5
51 3 4 2279 911 5 2
52 3 4 125 533 1 1
53 3 5 1079 1301 -4 -2
54 3 4 2903 1889 -3 5
55 3 1 2687 1925 3 2
56 3 6 965 281 2 -2
57 3 5 2675 2723 3 5
58 3 3 101 2789 -2 -1
59 3 1 1673 2789 1 -3
60 3 3 2321 923 -5 -1
61 3 2 551 773 -3 1
62 3 4 2189 2729 -1 2
63 3 5 1853 1403 6 -5
64 3 2 863 1373 -1 -4
65 3 5 299 2663 2 -1
66 3 6 119 1487 -1 3
67 3 1 2339 2219 3 1
68 3 6 311 2777 4 -2
69 3 1 785 545 -3 -2
70 3 4 1283 2837 3 -1
71 3 3 1559 719 3 2
72 3 6 1721 2663 3 3
73 3 4 5 1649 -4 3
74 3 4 1313 1373 -6 6
75 3 6 929 1619 -2 -5
76 3 3 809 1853 -4 -2
77 3 5 2975 2651 5 -6
78 3 3 803 1475 -2 2
79 3 5 1145 2849 -4 -2
80 3 2 1409 1427 -1 3
81 3 2 2759 1571 -5 -6
82 3 3 1397 2729 1 -6
83 3 5 1397 2933 -1 2
84 3 6 743 1655 -6 -4
85 3 3 1571 1937 1 6
86 3 1 341 1655 6 -1
87 3 2 2345 2363 -3 3
88 3 2 1079 167 -2 -3
89 3 2 401 2279 2 -5
90 3 6 173 329 6 5
91 3 1 1907 1421 -2 4
92 3 5 1589 971 -5 4
93 3 2 2807 1451 -6 -5
94 3 6 539 1427 -3 -4
95 3 4 1235 1145 2 1
96 3 6 485 1637 -6 5
97 3 6 2651 1127 2 -5
98 3 6 689 2789 -4 5
99 3 2 953 635 -1 -5
100 3 4 2813 1607 4 -3
101 3 5 2141 311 -4 3
102 3 4 1421 1127 -4 4
103 3 2 2255 2771 -2 1
104 3 1 2699 1277 6 2
105 3 4 2039 1625 -5 3
106 3 4 2729 755 -4 6
107 3 1 2903 1523 -4 6
108 3 4 1565 251 -4 1
109 3 6 2027 977 3 -2
110 3 1 965 623 3 3
111 3 3 1037 899 -6 -6
112 3 2 2489 1337 3 -4
113 3 3 1715 947 -4 2
114 3 5 29 599 -6 4
115 3 6 227 1355 2 1
116 3 4 1763 545 4 -5
117 3 2 2267 2465 -6 -4
118 3 5 653 23 -3 6
119 3 4 2021 269 -5 2
120 3 6 1451 281 5 5
121 3 6 1517 2753 6 -1
122 3 3 1793 1613 2 -2
123 3 2 605 1745 6 -3
124 3 1 2063 2375 6 4
125 3 6 2387 2303 -1 -4
126 3 3 629 785 -3 6
127 3 5 1853 1055 -2 5
128 3 6 1073 2201 5 1
129 3 6 2807 1595 4 2
130 3 4 2183 1169 -4 2
131 3 5 2567 629 6 -5
132 3 3 2531 2453 -5 -2
133 3 6 2267 173 -4 1
134 3 1 2771 2351 -6 6
135 3 5 1967 2525 -4 4
136 3 6 1445 959 -6 6
137 3 1 1907 887 -2 -3
138 3 4 2921 83 -6 4
139 3 2 443 839 -6 -4
140 3 3 1133 1661 -3 5
141 3 2 131 1283 4 2
142 3 3 2033 689 2 -1
143 3 3 1085 2891 4 6
144 3 3 197 2945 2 1
145 3 5 2285 2501 -5 -3
146 3 3 2099 1205 1 -1
147 3 4 2963 113 2 -6
148 3 5 725 563 3 2
149 3 3 1805 2987 5 4
150 3 1 1157 911 4 -4
151 3 4 2645 191 6 3
152 3 4 845 1643 5 6
153 3 1 1661 2921 -4 -5
154 3 2 767 1187 -2 -2
155 3 5 2441 2267 -5 -1
156 3 2 2963 1283 5 6
157 3 1 2393 647 -5 -3
158 3 5 2189 1121 4 3
159 3 6 929 1715 2 -1
160 3 2 1151 1931 5 3
161 3 1 2153 845 -1 -1
162 3 1 167 497 -5 1
163 3 2 1025 443 -4 -1
164 3 4 2099 131 4 -4
165 3 4 215 629 3 -5
166 3 2 1739 1439 2 -6
167 3 6 1325 179 -2 -2
168 3 6 2801 1979 -1 1
169 3 4 1661 317 6 -6
170 3 4 1913 557 -2 -6
171 3 1 1175 2807 4 -5
172 3 4 1055 407 3 -5
173 3 4 839 89 -5 5
174 3 4 2009 2177 -1 -6
175 3 2 2309 2657 1 5
176 3 1 791 1655 -3 -5
177 3 2 2915 1283 4 -1
178 3 2 1535 185 -3 -4
179 3 6 725 665 -3 -4
180 3 1 2435 2087 1 1
181 3 4 2237 665 -2 5
182 3 6 1883 1319 6 -4
183 3 1 2039 2081 4 5
184 3 5 1061 1259 -6 4
185 3 6 1769 2585 -3 5
186 3 1 1913 755 2 2
187 3 4 1415 1985 -3 4
188 3 2 503 1121 -5 -6
189 3 1 2459 257 -1 3
190 3 1 899 2909 -6 6
191 3 2 1271 1421 5 5
192 3 6 1343 341 3 4
193 3 3 2573 2903 5 6
194 3 6 2531 209 -2 -5
195 3 6 2483 2039 1 6
196 3 5 1091 2837 -4 -5
197 3 4 1601 1325 3 -5
198 3 1 875 545 4 3
199 3 5 1193 1715 4 3
200 3 6 251 2933 -3 4
201 3 4 2309 2021 2 2
202 3 6 2021 2519 4 -5
203 3 4 395 1019 1 5
204 3 1 413 335 -5 1
205 3 1 617 2033 -1 2
206 3 6 2309 2033 -4 1
207 3 3 815 431 1 4
208 3 3 1775 707 3 2
209 3 4 1733 2513 -6 5
210 3 5 1853 455 3 -5
211 3 6 1541 2531 -1 1
212 3 4 989 2669 -5 1
213 3 4 2327 1307 1 5
214 3 1 2759 1265 -4 1
215 3 5 2483 557 2 1
216 3 6 125 2441 -5 -1
217 3 3 779 2495 6 1
218 3 4 2339 197 -6 6
219 3 5 827 533 -6 5
220 3 4 1379 2591 -2 -1
221 3 5 1277 2615 -6 -3
222 3 2 89 1979 2 -1
223 3 3 1055 29 -2 -5
224 3 2 1481 2549 6 -1
225 3 2 2033 1199 4 -4
226 3 6 971 2885 -3 4
227 3 5 317 545 -4 1
228 3 6 2291 2933 -5 2
229 3 2 2339 875 5 -4
230 3 4 1619 2867 2 -3
231 3 4 545 2537 2 1
232 3 2 1193 2261 6 5
233 3 4 2417 2243 -3 -3
234 3 6 437 2729 1 3
235 3 5 2381 1685 -3 -4
236 3 1 1235 1721 -4 4
237 3 6 1589 5 -2 2
238 3 4 2945 143 -3 2
239 3 6 1037 599 -2 4
240 3 5 467 2567 -2 6
241 3 6 1661 2267 1 -6
242 3 3 635 449 1 -3
243 3 3 1427 893 6 1
244 3 6 179 2117 6 3
245 3 3 1433 635 -5 3
246 3 5 1559 869 5 2
247 3 2 1367 497 -1 -3
248 3 3 905 1853 -5 -5
249 3 6 623 1313 -2 -5
250 3 6 1895 101 -5 -6
251 3 1 1925 1289 -6 6
252 3 5 131 2885 3 5
253 3 1 2705 803 -2 3
254 3 4 2951 59 -4 -6
255 3 5 1073 2861 5 2
256 3 2 1691 1637 1 -6
257 3 2 1175 2165 -4 -2
258 3 6 2033 599 4 -4
259 3 2 2465 1925 4 4
260 3 1 2099 1631 -3 1
261 3 5 1433 611 1 -6
262 3 3 2789 1511 -3 3
263 3 4 89 737 4 5
264 3 2 2423 2057 4 4
265 3 6 449 1703 -4 1
266 3 6 353 1019 -6 -6
267 3 6 1817 521 3 -2
268 3 3 2375 1949 -1 -2
269 3 4 1475 2969 3 4
270 3 6 2759 2939 -1 -1
271 3 6 1685 2669 -2 4
272 3 5 251 2315 2 -5
273 3 5 1895 233 3 1
274 3 4 2855 2555 1 6
275 3 5 1085 383 -5 5
276 3 6 545 383 1 1
277 3 3 923 2825 2 -1
278 3 5 1781 443 -5 3
279 3 1 2681 2507 2 -6
280 3 6 1727 2573 -5 6
281 3 5 2207 2477 -1 6
282 3 6 1775 2471 -2 -4
283 3 6 2513 821 4 5
284 3 1 2849 2243 -5 -4
285 3 2 1427 119 1 -4
286 3 6 857 2207 4 -1
287 3 2 1487 1811 1 -2
288 3 2 1385 2477 4 2
289 3 4 5 1301 -4 2
290 3 3 839 1787 -1 -1
291 3 4 881 1595 -4 4
292 3 2 989 1403 -2 6
293 3 3 107 2537 -2 4
294 3 5 587 1211 4 -5
295 3 3 2717 1751 -1 2
296 3 6 2591 2603 -6 2
297 3 5 2147 1313 5 -1
298 3 5 245 257 -4 -5
299 3 4 239 293 6 -2
300 3 4 929 869 1 3
301 3 4 1103 1049 5 -6
302 3 4 1817 2381 -3 1
303 3 2 2663 2861 -3 -3
304 3 3 1523 1967 -5 6
305 3 6 653 743 -4 -1
306 3 3 2429 197 4 1
307 3 2 2633 761 2 5
308 3 3 2807 2237 5 -3
309 3 5 2261 2201 -3 -2
310 3 2 2429 2981 -6 -2
311 3 2 2405 2621 -2 -1
312 3 6 1001 305 -2 6
313 3 6 1007 1835 -3 3
314 3 5 2555 107 5 1
315 3 6 2213 575 -2 2
316 3 6 335 1001 -4 4
317 3 4 1475 2813 2 5
318 3 5 719 1097 -5 -5
319 3 1 143 821 3 5
320 3 3 1301 365 -2 6
321 3 2 2543 1727 -5 5
322 3 5 2585 1823 -5 -4
323 3 3 959 1001 -4 2
324 3 3 809 1049 -4 4
325 3 5 311 1217 -3 -2
326 3 6 1253 2735 -1 -6
327 3 2 1637 2159 -2 -4
328 3 1 2591 1757 -5 3
329 3 3 1997 1031 2 6
330 3 3 1499 2789 -4 5
331 3 1 1757 2063 -3 6
332 3 1 1349 1601 2 -3
333 3 1 2165 1355 -2 3
334 3 3 1625 2645 6 2
335 3 4 2399 1247 -6 -4
336 3 1 2327 2345 6 3
337 3 2 605 323 6 6
338 3 2 605 2579 5 -4
339 3 4 329 707 -1 -6
340 3 5 1439 2039 -2 -2
341 3 4 563 1715 1 1
342 3 6 1709 149 -6 -1
343 3 5 1343 2435 5 -5
344 3 2 2039 1691 2 5
345 3 5 587 803 -2 -3
346 3 1 1487 2219 6 1
347 3 6 929 623 -2 6
348 3 2 791 863 3 -1
349 3 5 1019 1055 6 6
350 3 5 2021 425 2 5
351 3 4 2735 329 5 -5
352 3 5 527 2039 -3 5
353 3 5 737 455 5 1
354 3 4 779 995 5 -1
355 3 6 545 761 -4 5
356 3 3 353 365 -1 -4
357 3 3 1439 35 4 -2
358 3 4 605 2501 -1 6
359 3 6 905 2585 -2 -5
360 3 1 929 65 -3 -6
361 3 5 935 413 -6 -2
362 3 4 2561 65 6 -2
363 3 2 533 149 1 6
364 3 3 2825 1607 -2 -6
365 3 4 1385 2987 1 4
366 3 6 1607 1157 3 3
367 3 1 2249 449 6 -1
368 3 1 821 2291 -6 4
369 3 1 1451 1307 -4 1
370 3 3 2447 2447 -2 -1
371 3 4 881 2303 -3 -3
372 3 6 1463 1151 -6 -4
373 3 4 2741 935 5 2
374 3 1 647 2549 2 -2
375 3 6 29 173 -2 4
376 3 2 2345 419 -3 -4
377 3 1 29 2849 3 2
378 3 2 551 1601 2 -5
379 3 2 2297 1667 3 6
380 3 3 1547 245 -3 6
381 3 4 2687 1781 -2 -5
382 3 1 767 2975 -1 -2
383 3 6 2267 2189 4 -6
384 3 3 293 653 -4 1
385 3 5 2621 1607 1 -3
386 3 1 791 2309 5 -3
387 3 3 413 185 -1 5
388 3 6 1817 1079 -1 -4
389 3 3 329 1955 -1 -6
390 3 6 2069 2381 -5 -2
391 3 1 2165 1907 -1 -1
392 3 4 1373 659 -1 2
393 3 3 2909 431 -5 4
394 3 5 2279 767 4 -2
395 3 5 647 1811 5 -4
396 3 3 2735 563 6 -6
397 3 3 2141 2573 2 2
398 3 4 2663 2357 -5 -4
399 3 2 833 2843 3 -1
400 3 3 2927 2393 -6 -4
401 3 5 2003 173 4 2
402 3 6 2411 1283 -2 5
403 3 6 1667 1451 -6 3
404 3 3 425 1961 1 2
405 3 3 1577 1877 -1 -4
406 3 2 167 2633 -2 -6
407 3 5 287 911 3 -1
408 3 3 2261 53 -2 -4
409 3 2 473 257 3 -2
410 3 2 1967 587 -4 -2
411 3 6 413 857 -1 1
412 3 5 1565 2951 1 -6
413 3 2 2345 1391 2 -2
414 3 1 311 263 3 -6
415 3 3 875 113 4 -3
416 3 4 1121 1763 5 -5
417 3 4 761 713 -2 -3
418 3 1 2129 2927 -5 6
419 3 1 347 2585 -4 -1
420 3 4 1325 521 4 3
421 3 2 1991 2471 -1 -6
422 3 3 1169 527 -4 -5
423 3 6 2249 701 3 1
424 3 4 2945 533 -5 2
425 3 4 791 635 -1 4
426 3 1 701 2375 4 6
427 3 5 2831 2411 4 6
428 3 3 1469 1781 -4 4
429 3 4 407 1763 -3 -1
430 3 6 425 251 -5 -6
431 3 5 1955 2375 -2 5
432 3 6 2003 1721 -5 3
433 3 1 347 2171 -4 5
434 3 1 2723 1997 1 4
435 3 2 1127 1871 -6 5
436 3 6 2747 2063 -2 -2
437 3 3 203 2075 6 1
438 3 1 1751 215 4 -5
439 3 3 833 2147 -2 -3
440 3 4 2627 2171 -5 4
441 3 3 2753 2597 1 -6
442 3 2 1379 2765 -6 -2
443 3 6 1079 2321 1 5
444 3 2 923 1337 1 -1
445 3 5 2393 689 -5 -1
446 3 6 1325 779 -2 -5
447 3 5 2369 2693 -4 -2
448 3 6 491 1313 2 5
449 3 3 521 737 -1 -2
450 3 3 707 389 -6 2
451 3 3 2747 1781 -5 -5
452 3 6 2273 407 -3 -3
453 3 5 2963 755 3 3
454 3 5 2723 2639 2 -3
455 3 2 1211 2765 -1 -3
456 3 5 1061 1457 -2 3
457 3 2 1481 17 -3 -2
458 3 1 2237 713 1 5
459 3 2 785 2345 -4 -2
460 3 4 2735 923 1 1
461 3 2 2855 365 -5 -2
462 3 2 293 95 2 -1
463 3 2 227 1967 -6 -6
464 3 3 1205 1817 -4 3
465 3 5 2807 263 -2 -5
466 3 4 629 2309 -6 -5
467 3 3 1967 1523 -5 -4
468 3 2 2207 2933 2 2
469 3 5 2477 2903 1 -2
470 3 5 935 65 4 -5
471 3 6 2609 317 -4 -1
472 3 3 293 1571 6 -5
473 3 1 1211 1001 4 3
474 3 1 2207 2165 -6 -1
475 3 6 1577 2435 5 -2
476 3 3 2597 785 -3 2
477 3 3 2447 845 3 6
478 3 2 2663 1595 5 -4
479 3 6 77 2651 -4 -5
480 3 1 407 779 1 4
481 3 2 2705 1079 2 4
482 3 5 749 2189 -1 -1
483 3 6 389 2585 -2 -1
484 3 2 929 1511 6 6
485 3 6 1265 2837 1 5
486 3 6 725 2543 -5 -5
487 3 3 683 1925 6 -1
488 3 1 2921 2573 -3 -4
489 3 5 983 1559 6 -5
490 3 2 2837 2105 -2 5
491 3 3 563 2423 4 2
492 3 1 2303 1061 1 6
493 3 6 869 1073 5 -6
494 3 1 1067 2351 2 -6
495 3 5 299 113 -5 1
496 3 2 1691 2501 2 1
497 3 3 1043 2837 4 4
498 3 2 2897 1751 -5 -6
499 3 4 1997 437 -2 3
