3000 3000 200
0.001 0 0
0 3 1 47 1103 -4 -5
1 3 1 731 239 2 4
2 3 5 2141 2105 1 3
3 3 6 1121 1517 4 4
4 3 2 2777 65 6 -4
5 3 3 2921 2513 -1 2
6 3 3 1085 2129 -2 -4
7 3 4 1085 2849 -2 3
8 3 5 1451 431 -2 -3
9 3 4 755 1691 -4 -2
10 3 3 2219 1121 -4 2
11 3 5 1283 437 -3 -3
12 3 4 2141 1451 6 6
13 3 5 1667 2621 2 -4
14 3 5 1301 1967 2 3
15 3 1 2897 2273 2 2
16 3 6 29 365 -1 5
17 3 2 2267 2141 -5 -4
18 3 3 2795 815 -2 -5
19 3 1 455 983 4 -1
20 3 4 407 527 -5 -3
21 3 6 2405 155 5 -1
22 3 6 785 2759 -1 -4
23 3 4 1373 1955 4 4
24 3 5 1775 2057 -5 -2
25 3 4 401 2435 -1 4
26 3 1 887 2129 -2 1
27 3 5 1325 683 -5 -5
28 3 4 2171 2723 3 2
29 3 5 2777 635 -5 -6
30 3 3 425 2471 1 -2
31 3 4 839 2543 -2 3
32 3 2 1721 1823 -4 -5
33 3 4 359 1889 5 -1
34 3 6 857 1871 -2 -3
35 3 6 329 1625 6 5
36 3 2 2735 1013 4 -4
37 3 3 2321 995 5 -3
38 3 1 1259 1091 1 -3
39 3 3 983 2327 -2 6
40 3 1 1967 521 2 -4
41 3 5 797 743 -6 5
42 3 2 191 125 -2 -6
43 3 5 2465 539 -4 3
44 3 5 2447 851 1 1
45 3 5 2807 2567 -2 4
46 3 6 1691 2789 4 -2
47 3 5 209 137 -4 1
48 3 6 2969 449 1 -2
49 3 4 1007 2321 -4 4
50 3 1 1007 1181 -5 3
51 3 1 2111 1997 -6 -4
52 3 5 2009 2585 5 -1
53 3 2 1115 1421 -2 6
54 3 2 743 17 3 -3
55 3 6 1421 227 3 -4
56 3 5 539 173 2 -1
57 3 6 1043 2789 -4 2
58 3 5 443 1763 -2 -4
59 3 3 467 125 -4 -4
60 3 3 911 557 -5 3
61 3 6 1241 1313 2 3
62 3 4 227 1787 -2 3
63 3 5 2651 617 3 -6
64 3 6 1961 1067 -2 1
65 3 6 353 713 2 -1
66 3 2 1097 2531 -2 2
67 3 5 239 2429 -2 -6
68 3 3 1625 1157 -4 -5
69 3 2 1001 1295 -1 5
70 3 4 215 2609 -4 6
71 3 6 2795 1949 -2 -5
72 3 6 2603 2393 6 -5
73 3 4 569 83 -4 -5
74 3 3 1109 2819 4 -1
75 3 4 2129 509 2 -2
76 3 2 875 77 4 -1
77 3 6 239 2783 -3 -3
78 3 6 2159 2957 -6 4
79 3 1 1955 899 -4 4
80 3 5 791 461 -4 4
81 3 5 1865 2429 6 1
82 3 1 1331 2165 -5 4
83 3 1 1265 1925 2 3
84 3 3 899 1541 6 4
85 3 4 1451 1055 -2 6
86 3 6 1739 2591 -5 -1
87 3 3 2399 551 2 -5
88 3 5 947 1487 6 -2
89 3 5 1085 1793 -6 6
90 3 5 311 47 6 -1
91 3 2 203 1859 5 -3
92 3 5 617 2717 2 -2
93 3 4 2891 1523 -2 4
94 3 4 2633 587 3 -4
95 3 2 575 1283 -2 -5
96 3 5 1781 1097 2 -3
97 3 4 881 2741 1 1
98 3 3 1571 233 5 -4
99 3 6 1079 1973 1 5
100 3 4 2327 2789 -3 -1
101 3 2 2069 2933 3 -2
102 3 6 2141 2933 -4 2
103 3 3 1127 947 2 6
104 3 4 1391 971 3 4
105 3 1 677 1823 -4 6
106 3 3 251 2807 -3 -1
107 3 4 1649 1415 1 3
108 3 5 137 239 5 -2
109 3 3 1397 905 -1 -3
110 3 5 2549 1727 6 6
111 3 3 2099 671 4 5
112 3 6 185 2825 -4 5
113 3 5 2495 1487 -4 5
114 3 1 713 1079 6 2
115 3 2 1421 1343 -5 -6
116 3 3 239 2189 -2 -2
117 3 1 245 413 -4 -3
118 3 1 1799 2123 6 -4
119 3 4 665 2045 -6 -2
120 3 5 503 1403 6 -2
121 3 1 1409 359 6 4
122 3 5 2393 2153 5 1
123 3 6 1583 287 2 6
124 3 4 1331 2207 -6 4
125 3 1 1391 2651 3 -2
126 3 6 2297 2303 -1 3
127 3 6 2267 773 -6 -2
128 3 2 2321 1031 5 -2
129 3 1 323 1547 6 3
130 3 5 1703 347 -1 -3
131 3 6 845 2321 6 -4
132 3 2 275 2801 -3 3
133 3 1 125 137 -6 -5
134 3 5 1409 2825 -1 4
135 3 4 1793 341 -5 5
136 3 2 1559 935 6 -2
137 3 1 1973 1859 4 2
138 3 4 1301 1205 2 6
139 3 6 2627 1319 5 -2
140 3 3 173 83 4 3
141 3 3 1433 1661 3 -4
142 3 6 2729 2699 -1 -4
143 3 4 455 173 -4 6
144 3 6 2315 2861 -5 2
145 3 3 2159 815 3 -3
146 3 6 527 317 2 5
147 3 1 2789 587 4 -5
148 3 4 1211 2699 -2 -6
149 3 5 1031 1541 3 4
150 3 3 695 71 4 -2
151 3 2 1589 2909 3 -1
152 3 4 413 629 -4 -6
153 3 3 353 383 2 -2
154 3 5 377 2975 4 3
155 3 5 461 2933 -2 -4
156 3 4 1991 2141 2 1
157 3 1 2909 1043 -1 1
158 3 6 2039 869 -3 3
159 3 2 119 2009 -5 -2
160 3 6 341 2261 -3 -4
161 3 6 2657 1475 6 5
162 3 3 1565 329 -5 6
163 3 5 2405 2807 2 5
164 3 5 2645 2111 3 1
165 3 2 2531 1247 4 -2
166 3 3 1601 2669 -4 1
167 3 5 1859 797 5 -6
168 3 6 2705 2909 4 1
169 3 1 101 2633 6 -3
170 3 6 755 1979 -5 -6
171 3 4 1727 2645 -2 -2
172 3 3 971 1949 3 -6
173 3 5 527 647 3 2
174 3 3 587 2123 -6 2
175 3 6 2465 2123 -4 3
176 3 5 1919 2435 2 4
177 3 1 1415 1715 6 3
178 3 2 2921 503 3 -2
179 3 2 197 989 6 5
180 3 2 2273 1199 -1 3
181 3 2 935 1823 2 3
182 3 5 2459 53 5 -1
183 3 2 977 1709 -4 -3
184 3 1 2753 1919 -5 -3
185 3 3 533 41 1 -5
186 3 6 2087 1871 5 -5
187 3 5 2945 2723 -6 5
188 3 3 1103 119 5 5
189 3 4 1949 1703 6 -6
190 3 4 203 1535 -2 -1
191 3 1 2939 1103 2 -2
192 3 3 2609 581 1 3
193 3 5 2777 323 -1 6
194 3 3 1469 935 3 -6
195 3 2 191 263 -2 -4
196 3 6 1283 167 -2 3
197 3 3 1499 2075 -6 4
198 3 6 623 563 -5 3
199 3 5 59 1289 -2 -3
