1000 1000 2000
0.001 0 0
0 3 5 521 239 -1 -2
1 3 5 833 107 5 1
2 3 4 95 137 5 -1
3 3 6 941 425 -4 -6
4 3 5 971 107 -5 4
5 3 3 311 971 2 2
6 3 3 443 827 -5 1
7 3 3 461 179 -3 5
8 3 2 347 323 -4 -2
9 3 4 707 575 -6 -5
10 3 5 263 95 5 1
11 3 2 653 551 5 3
12 3 5 977 989 -5 5
13 3 2 167 269 -4 3
14 3 1 683 569 4 1
15 3 4 395 455 6 5
16 3 1 755 509 1 -2
17 3 5 941 65 4 -1
18 3 3 221 905 -4 -1
19 3 6 551 773 2 1
20 3 5 797 929 -2 -4
21 3 4 197 191 5 -1
22 3 6 989 119 -2 -2
23 3 1 137 479 3 5
24 3 4 101 725 -3 -2
25 3 2 281 983 -5 3
26 3 2 641 29 -6 -6
27 3 2 929 839 3 3
28 3 2 17 755 -1 3
29 3 5 599 635 2 2
30 3 6 845 197 2 -1
31 3 6 521 41 2 -6
32 3 5 383 701 -3 4
33 3 2 683 527 -3 -1
34 3 3 11 389 4 -6
35 3 1 659 647 -4 -5
36 3 4 899 677 -4 -4
37 3 3 869 239 -5 3
38 3 2 149 659 5 -3
39 3 6 803 53 1 4
40 3 4 761 443 1 -5
41 3 6 689 701 -3 -5
42 3 1 221 245 2 1
43 3 1 707 851 4 6
44 3 1 875 281 -2 2
45 3 1 497 395 -6 -3
46 3 1 623 113 4 -1
47 3 6 341 35 -4 -3
48 3 5 161 497 4 -6
49 3 1 845 959 -2 -3
50 3 3 149 593 4 6
51 3 6 785 305 6 -2
52 3 3 251 887 -5 4
53 3 2 257 347 -1 2
54 3 5 587 659 3 -3
55 3 2 437 455 -4 5
56 3 3 287 905 -4 -6
57 3 4 647 461 3 -1
58 3 4 191 383 -2 2
59 3 1 323 5 -1 -2
60 3 1 401 917 -3 1
61 3 1 413 947 4 1
62 3 1 779 449 4 1
63 3 3 227 863 -2 4
64 3 2 281 203 -2 6
65 3 2 947 167 6 -4
66 3 1 299 311 -2 -6
67 3 5 113 479 5 -3
68 3 6 425 143 -5 2
69 3 2 287 425 -5 -6
70 3 1 971 545 -3 -3
71 3 1 899 185 -2 -5
72 3 4 533 89 2 2
73 3 6 803 527 -2 -6
74 3 5 263 779 -2 1
75 3 2 731 521 -1 3
76 3 2 71 893 3 -5
77 3 1 17 395 5 -5
78 3 2 71 803 -2 -3
79 3 2 629 719 -6 -1
80 3 1 263 599 2 3
81 3 6 761 77 3 2
82 3 5 71 713 2 -2
83 3 4 605 713 -3 1
84 3 4 473 347 6 -6
85 3 3 185 143 6 -3
86 3 6 827 491 4 4
87 3 1 41 827 -3 -4
88 3 1 833 17 -6 -4
89 3 4 155 353 -5 -5
90 3 5 113 485 1 5
91 3 3 575 365 -6 2
92 3 4 875 719 -4 -6
93 3 1 839 779 1 -6
94 3 4 359 113 -2 -1
95 3 2 353 719 2 6
96 3 6 209 413 -1 -6
97 3 1 785 509 1 6
98 3 2 293 113 3 5
99 3 1 725 377 -3 -1
100 3 2 107 473 6 3
101 3 5 695 767 -1 -3
102 3 5 359 233 -5 -2
103 3 5 455 299 4 -4
104 3 6 269 947 5 -2
105 3 4 839 23 -3 -2
106 3 3 275 377 4 -3
107 3 3 275 965 5 -3
108 3 5 659 917 5 -3
109 3 1 551 209 6 1
110 3 2 743 239 -2 -2
111 3 2 545 389 4 4
112 3 4 611 347 -6 6
113 3 3 509 881 -6 1
114 3 2 659 851 -3 1
115 3 4 953 623 2 4
116 3 5 953 617 3 -6
117 3 6 509 827 -6 3
118 3 2 527 359 4 -3
119 3 1 971 743 -2 5
120 3 2 929 653 1 -4
121 3 6 341 335 2 -3
122 3 4 143 395 -4 -6
123 3 6 113 413 2 3
124 3 4 197 467 3 -5
125 3 4 257 767 2 -2
126 3 5 737 845 -1 -5
127 3 2 803 449 -5 3
128 3 6 599 77 6 3
129 3 1 449 587 3 1
130 3 3 971 233 2 -5
131 3 2 551 479 1 4
132 3 6 461 299 -3 -5
133 3 5 539 467 -2 4
134 3 4 893 893 1 1
135 3 5 287 359 1 -4
136 3 2 431 77 2 -5
137 3 2 71 317 -1 -1
138 3 4 377 431 -5 5
139 3 6 689 347 -3 1
140 3 4 329 713 -3 -6
141 3 1 605 737 4 -5
142 3 5 47 293 -4 -6
143 3 6 131 275 2 6
144 3 2 131 875 1 5
145 3 2 77 563 -1 -3
146 3 1 455 275 6 -2
147 3 3 47 539 3 -3
148 3 6 623 329 2 3
149 3 6 431 977 -2 6
150 3 4 839 995 -5 6
151 3 6 635 647 -6 3
152 3 3 719 809 2 4
153 3 3 209 899 6 1
154 3 1 89 713 6 -4
155 3 1 191 257 -6 -4
156 3 3 113 731 -4 -2
157 3 1 371 125 1 6
158 3 4 827 455 5 -5
159 3 4 983 347 -2 3
160 3 3 737 275 -6 2
161 3 6 935 191 4 -2
162 3 2 221 119 -3 -2
163 3 5 821 119 4 -6
164 3 3 839 383 5 -6
165 3 3 707 623 4 -6
166 3 2 917 647 -5 4
167 3 3 413 257 5 5
168 3 5 569 857 1 -4
169 3 4 851 83 3 4
170 3 4 755 749 -6 5
171 3 6 563 785 3 -6
172 3 2 779 605 1 2
173 3 6 803 677 1 5
174 3 4 995 485 2 2
175 3 2 479 737 -6 -2
176 3 1 29 353 -1 3
177 3 2 125 521 4 -6
178 3 4 317 143 -5 -3
179 3 2 647 287 4 1
180 3 5 539 365 3 1
181 3 4 575 143 2 3
182 3 3 773 41 -2 1
183 3 3 341 497 -4 3
184 3 5 131 509 1 4
185 3 5 527 245 -2 5
186 3 3 599 251 4 -2
187 3 1 935 911 -5 -6
188 3 5 917 101 -5 -4
189 3 2 905 695 -5 1
190 3 6 569 317 6 -4
191 3 1 965 575 5 1
192 3 6 101 737 -3 3
193 3 1 545 455 -1 3
194 3 5 617 47 -5 -6
195 3 2 497 887 -1 3
196 3 3 749 491 -4 5
197 3 2 665 473 2 2
198 3 6 653 869 -3 -3
199 3 5 293 257 -1 4
200 3 6 833 467 5 -4
201 3 6 731 767 2 -2
202 3 3 917 803 1 -2
203 3 5 803 443 -5 -5
204 3 2 503 737 4 -2
205 3 3 161 83 1 -3
206 3 3 611 143 -6 -4
207 3 6 209 983 -1 -4
208 3 6 677 5 3 1
209 3 2 197 779 1 -5
210 3 5 773 311 -2 1
211 3 1 677 449 4 -5
212 3 1 803 575 6 -1
213 3 1 497 113 1 3
214 3 6 491 53 1 1
215 3 2 599 881 5 -6
216 3 1 149 347 -6 5
217 3 5 761 971 -1 1
218 3 1 371 431 6 -3
219 3 6 581 419 -4 3
220 3 6 965 227 -5 2
221 3 6 995 725 -1 -5
222 3 1 671 281 4 -5
223 3 5 401 815 -6 -6
224 3 6 683 653 2 -1
225 3 3 881 281 -3 6
226 3 6 995 467 5 2
227 3 1 971 737 5 -3
228 3 5 515 377 -2 -1
229 3 6 191 395 6 4
230 3 4 875 977 -6 -5
231 3 1 713 125 2 3
232 3 3 875 989 -4 4
233 3 3 575 893 3 -1
234 3 1 833 23 -3 -4
235 3 3 317 659 6 4
236 3 1 251 569 -2 -2
237 3 4 437 935 -2 3
238 3 1 971 599 1 -1
239 3 1 773 173 -5 -1
240 3 6 845 587 -2 -1
241 3 5 269 539 6 3
242 3 5 161 233 -4 -5
243 3 2 545 65 -4 6
244 3 6 851 935 -3 -5
245 3 4 707 407 -4 -5
246 3 6 263 863 3 2
247 3 6 257 677 5 1
248 3 1 89 845 5 4
249 3 4 269 617 3 -6
250 3 4 107 899 5 3
251 3 4 299 323 3 3
252 3 4 803 557 5 2
253 3 1 605 185 -5 -5
254 3 1 971 431 -6 -5
255 3 2 515 401 4 -1
256 3 5 599 485 4 -4
257 3 1 59 785 1 2
258 3 3 329 851 -3 -4
259 3 3 953 179 -3 -5
260 3 3 977 707 -6 -2
261 3 4 383 767 3 5
262 3 5 563 155 -1 -1
263 3 1 5 71 -3 6
264 3 3 317 59 6 -5
265 3 3 407 431 -1 -4
266 3 5 17 689 -6 5
267 3 5 659 71 5 -1
268 3 4 497 623 -6 1
269 3 2 179 143 -5 -1
270 3 2 233 665 -2 2
271 3 6 461 359 -1 2
272 3 5 53 869 3 -3
273 3 2 401 701 3 2
274 3 2 275 749 6 3
275 3 1 941 293 -5 -2
276 3 6 497 107 5 4
277 3 5 149 245 2 -1
278 3 1 281 731 -3 -1
279 3 6 977 761 -5 5
280 3 3 845 545 5 2
281 3 3 503 449 6 -4
282 3 5 725 383 1 -2
283 3 6 95 971 2 2
284 3 5 161 593 6 -4
285 3 2 677 95 1 3
286 3 1 761 683 1 -1
287 3 1 923 311 -5 -4
288 3 5 731 785 -6 -1
289 3 4 581 707 -4 -3
290 3 1 647 599 2 -5
291 3 1 545 629 -4 3
292 3 5 281 737 4 -4
293 3 3 641 275 -5 4
294 3 2 467 23 1 5
295 3 3 107 395 -2 -3
296 3 5 845 773 -5 -6
297 3 5 113 941 3 6
298 3 3 935 905 -1 5
299 3 5 197 899 2 -4
300 3 2 467 107 -6 -2
301 3 5 629 263 -2 6
302 3 4 563 431 4 -5
303 3 6 875 377 -3 -2
304 3 2 983 893 6 -3
305 3 1 599 935 6 -1
306 3 5 77 917 -6 4
307 3 1 155 149 2 -3
308 3 1 101 41 1 -2
309 3 6 425 209 -3 6
310 3 6 857 233 -5 -4
311 3 6 431 539 -2 -6
312 3 3 377 269 -6 1
313 3 6 383 395 -2 5
314 3 3 785 323 3 -6
315 3 5 797 833 -4 4
316 3 1 545 533 -6 -1
317 3 4 995 527 5 6
318 3 1 275 11 -1 -5
319 3 6 59 167 -3 1
320 3 1 701 737 2 2
321 3 1 851 995 5 -5
322 3 6 593 293 -2 -3
323 3 6 947 65 5 2
324 3 5 449 995 -1 -5
325 3 1 563 947 -2 5
326 3 4 293 821 -6 1
327 3 2 713 707 -5 1
328 3 6 479 809 3 -6
329 3 6 785 845 -1 -4
330 3 4 353 677 -5 5
331 3 2 707 773 -3 1
332 3 6 725 659 1 -4
333 3 2 905 569 -3 -2
334 3 1 977 701 -3 -3
335 3 1 581 821 2 4
336 3 3 347 455 -1 5
337 3 3 209 737 5 -3
338 3 3 389 839 -6 6
339 3 5 539 869 6 -4
340 3 5 995 41 6 2
341 3 5 851 407 -2 -6
342 3 6 557 155 3 -1
343 3 1 899 635 -6 4
344 3 2 743 443 5 5
345 3 4 263 275 -2 -1
346 3 2 977 419 -3 -1
347 3 2 287 221 3 3
348 3 5 929 953 2 -5
349 3 3 269 941 -3 5
350 3 1 359 23 -4 -4
351 3 1 743 107 3 -5
352 3 6 803 479 6 6
353 3 1 977 899 -3 5
354 3 1 755 41 1 3
355 3 2 833 719 -2 -2
356 3 5 533 71 -6 -6
357 3 6 887 665 1 -4
358 3 2 101 983 -6 3
359 3 1 533 815 -4 -5
360 3 1 215 731 3 -3
361 3 2 119 149 -1 -3
362 3 1 773 539 2 -3
363 3 6 383 617 -3 4
364 3 3 845 617 -6 5
365 3 4 803 635 2 4
366 3 1 839 635 1 -6
367 3 2 335 593 -3 6
368 3 4 197 971 2 -4
369 3 5 701 659 1 1
370 3 2 947 575 1 -3
371 3 1 533 971 1 3
372 3 5 449 233 -5 -6
373 3 4 257 329 -5 3
374 3 3 503 749 -3 5
375 3 2 809 335 4 5
376 3 6 983 827 4 -2
377 3 3 929 503 4 -1
378 3 3 209 377 1 -1
379 3 1 917 665 -1 1
380 3 1 257 527 1 2
381 3 2 449 869 -1 6
382 3 5 323 341 -4 -1
383 3 3 725 905 6 -6
384 3 1 839 965 6 -5
385 3 5 263 857 4 -5
386 3 4 299 221 5 -5
387 3 6 203 107 -3 6
388 3 3 839 653 5 6
389 3 6 185 437 6 -6
390 3 6 383 683 -6 -4
391 3 1 965 281 4 6
392 3 1 149 623 -1 -2
393 3 6 983 113 -2 -4
394 3 3 395 335 4 -1
395 3 6 35 533 -1 2
396 3 4 503 671 -4 -3
397 3 5 641 713 6 3
398 3 1 389 95 -2 5
399 3 5 629 155 -3 5
400 3 3 197 299 6 -1
401 3 3 329 437 5 6
402 3 4 791 113 4 1
403 3 6 959 365 3 6
404 3 4 173 815 2 -3
405 3 5 767 269 3 -2
406 3 4 935 149 1 -5
407 3 2 377 311 -5 1
408 3 2 917 773 6 -6
409 3 1 815 581 3 -3
410 3 2 959 53 4 -1
411 3 1 641 467 4 3
412 3 1 365 155 -6 -4
413 3 4 371 707 -1 -4
414 3 6 749 455 3 4
415 3 1 65 263 -1 -1
416 3 5 803 869 3 -6
417 3 6 53 653 3 2
418 3 6 23 155 6 2
419 3 5 569 623 6 -4
420 3 6 473 497 1 1
421 3 1 989 365 6 2
422 3 3 95 533 2 -4
423 3 5 977 917 -5 4
424 3 5 899 17 -3 -3
425 3 5 167 11 6 4
426 3 6 911 983 2 -6
427 3 6 815 749 -6 -4
428 3 5 179 791 5 5
429 3 6 269 785 1 -1
430 3 2 881 941 1 1
431 3 6 611 977 -5 1
432 3 4 941 785 2 1
433 3 3 389 545 6 5
434 3 3 791 689 6 4
435 3 1 803 395 4 -3
436 3 3 227 329 6 -4
437 3 5 425 101 -2 -1
438 3 2 881 665 -3 1
439 3 4 851 587 -1 6
440 3 2 539 143 -2 5
441 3 3 215 251 6 -1
442 3 2 11 485 5 5
443 3 1 293 413 4 -3
444 3 6 785 803 -1 -6
445 3 1 545 293 -3 4
446 3 4 515 749 -2 -4
447 3 1 899 611 6 6
448 3 5 713 425 1 -3
449 3 2 275 179 -4 5
450 3 2 503 713 1 -1
451 3 4 209 941 6 4
452 3 6 509 227 -1 2
453 3 3 215 59 -6 1
454 3 1 587 47 -1 3
455 3 3 149 101 1 1
456 3 4 599 341 3 6
457 3 3 785 5 2 -5
458 3 2 923 635 5 3
459 3 3 299 401 -5 5
460 3 1 893 737 -4 -3
461 3 1 509 935 6 -6
462 3 3 203 977 2 -4
463 3 5 311 983 -2 -6
464 3 2 119 209 1 2
465 3 5 371 485 -3 4
466 3 5 653 845 3 -1
467 3 3 533 707 4 -1
468 3 2 587 593 2 -2
469 3 6 773 125 -2 6
470 3 1 551 917 4 6
471 3 6 641 485 -5 -1
472 3 5 473 401 -3 3
473 3 2 485 599 -6 5
474 3 5 617 995 6 -3
475 3 4 47 731 6 -6
476 3 2 887 419 4 -4
477 3 2 371 713 3 -4
478 3 6 143 899 3 -5
479 3 4 41 311 5 -3
480 3 4 635 689 -2 -5
481 3 6 581 599 -5 -1
482 3 1 869 497 4 6
483 3 2 377 791 2 -1
484 3 3 833 953 -5 6
485 3 2 959 269 2 -1
486 3 3 965 857 -6 -2
487 3 6 101 449 -4 3
488 3 3 995 389 -4 1
489 3 2 623 245 -2 3
490 3 3 971 629 1 4
491 3 2 335 17 4 -6
492 3 6 125 377 5 -2
493 3 3 215 545 -6 -5
494 3 5 983 749 4 -1
495 3 1 887 611 -1 -1
496 3 2 515 233 2 -5
497 3 1 221 707 -6 -2
498 3 1 89 113 4 5
499 3 1 47 341 -5 -1
500 3 4 911 623 -6 -3
501 3 2 131 131 -3 -1
502 3 6 527 917 3 1
503 3 3 521 767 1 5
504 3 3 437 707 -6 2
505 3 6 431 791 -2 3
506 3 6 929 485 -4 5
507 3 1 611 161 -2 3
508 3 4 623 731 -3 -1
509 3 3 311 617 2 -3
510 3 6 209 281 4 3
511 3 6 155 275 -1 5
512 3 2 803 833 -3 -2
513 3 6 89 797 5 -2
514 3 3 731 941 -3 -3
515 3 4 857 635 1 -4
516 3 4 635 905 -2 -1
517 3 2 41 677 5 1
518 3 3 485 449 -5 5
519 3 4 131 353 -1 -6
520 3 5 353 299 1 4
521 3 5 593 671 -6 -2
522 3 4 659 581 4 3
523 3 5 659 527 6 6
524 3 1 173 191 -1 1
525 3 1 155 215 6 4
526 3 1 407 155 5 -4
527 3 3 557 143 -2 -6
528 3 6 353 191 4 -5
529 3 5 455 869 -2 -6
530 3 2 491 353 2 5
531 3 5 281 89 1 -5
532 3 2 983 377 2 6
533 3 4 821 851 -1 1
534 3 1 485 971 -2 4
535 3 4 713 899 -4 -1
536 3 1 923 941 6 -5
537 3 2 851 269 3 -1
538 3 4 47 509 1 -5
539 3 2 899 389 -4 4
540 3 1 23 269 -3 2
541 3 4 521 923 -6 3
542 3 5 119 215 5 -1
543 3 4 611 743 4 2
544 3 5 593 749 -2 -6
545 3 4 155 869 6 -5
546 3 2 35 953 6 -6
547 3 2 227 89 -2 6
548 3 6 659 833 1 -3
549 3 6 161 587 5 -4
550 3 6 833 551 -5 -1
551 3 1 947 59 1 4
552 3 2 41 299 -1 -4
553 3 5 251 209 -6 -5
554 3 2 71 245 -5 -6
555 3 3 809 377 -2 -4
556 3 6 179 455 4 1
557 3 2 359 65 4 1
558 3 3 797 539 5 -1
559 3 2 83 665 4 3
560 3 3 623 143 6 -6
561 3 6 449 263 6 -1
562 3 1 653 185 -5 2
563 3 3 773 863 5 2
564 3 3 755 377 5 2
565 3 2 443 545 -6 -4
566 3 4 419 767 -2 6
567 3 6 437 113 2 -5
568 3 4 779 503 -3 -4
569 3 4 383 71 -6 2
570 3 4 323 797 2 2
571 3 3 371 743 -5 6
572 3 6 125 479 -4 -4
573 3 1 749 155 -1 4
574 3 5 653 863 -6 -2
575 3 6 185 161 6 -4
576 3 5 887 539 3 6
577 3 4 989 515 -3 -3
578 3 3 335 53 -2 2
579 3 6 437 587 -3 1
580 3 1 131 929 -4 6
581 3 2 557 167 5 -1
582 3 6 533 929 4 -3
583 3 3 863 197 -1 5
584 3 3 953 263 -3 -6
585 3 1 923 533 4 1
586 3 1 707 35 2 3
587 3 5 551 965 -2 4
588 3 5 311 593 -4 1
589 3 1 629 905 1 2
590 3 4 875 965 -3 4
591 3 1 395 821 3 -2
592 3 4 665 491 4 -5
593 3 4 875 557 -3 -6
594 3 4 257 941 -6 -4
595 3 4 935 707 1 1
596 3 1 725 827 -4 5
597 3 5 869 101 -6 4
598 3 1 581 911 -5 -6
599 3 2 881 821 4 -6
600 3 1 611 809 -3 1
601 3 3 17 881 -1 6
602 3 2 923 875 1 -6
603 3 2 797 497 5 4
604 3 6 125 539 -4 -5
605 3 2 89 563 4 -2
606 3 6 839 575 -5 -1
607 3 5 983 767 1 6
608 3 6 287 383 -6 -6
609 3 1 359 641 -1 -5
610 3 4 41 53 -4 -3
611 3 1 443 677 -4 -2
612 3 3 35 347 4 3
613 3 6 17 323 -2 -1
614 3 5 767 683 5 -2
615 3 4 941 245 5 -3
616 3 3 899 947 -3 1
617 3 4 377 851 2 -5
618 3 4 503 923 4 -3
619 3 1 329 533 5 -3
620 3 6 53 791 5 -6
621 3 5 683 509 -5 5
622 3 5 377 407 1 1
623 3 3 623 947 -5 -5
624 3 6 833 941 5 3
625 3 1 749 305 5 -5
626 3 1 977 911 1 -4
627 3 4 593 587 2 4
628 3 2 125 515 -4 -3
629 3 2 113 803 -4 2
630 3 1 641 347 -6 -2
631 3 6 137 53 -1 -3
632 3 3 35 935 -4 -6
633 3 6 293 719 -6 5
634 3 6 179 521 5 5
635 3 5 545 695 1 -3
636 3 2 47 305 -5 -6
637 3 4 863 515 -1 -5
638 3 3 197 383 -5 1
639 3 2 527 887 -1 6
640 3 4 659 719 -6 2
641 3 2 53 545 -6 3
642 3 3 593 329 5 -2
643 3 5 713 581 -1 -5
644 3 4 809 869 3 -4
645 3 3 815 71 -6 5
646 3 6 119 305 6 -4
647 3 4 311 191 3 -1
648 3 1 527 953 -1 1
649 3 4 437 923 -4 -3
650 3 4 515 527 -1 -3
651 3 4 557 479 -3 -3
652 3 4 653 773 2 5
653 3 6 71 335 -4 -2
654 3 3 791 437 -2 -3
655 3 6 557 881 -3 -6
656 3 4 767 155 -2 -6
657 3 1 557 983 6 -5
658 3 2 719 737 6 -4
659 3 2 443 173 3 -5
660 3 4 239 761 -1 5
661 3 3 977 443 -6 -2
662 3 5 833 443 2 -1
663 3 3 833 149 3 -2
664 3 2 797 365 -1 3
665 3 5 221 11 2 2
666 3 4 887 257 -6 1
667 3 5 317 221 6 -3
668 3 2 185 407 -6 -4
669 3 3 527 155 -4 4
670 3 6 209 245 5 -1
671 3 2 455 821 3 3
672 3 5 881 911 -1 1
673 3 4 185 881 2 -1
674 3 1 515 569 1 -1
675 3 3 893 809 -5 4
676 3 5 353 689 -5 3
677 3 6 329 323 -5 6
678 3 3 851 803 2 4
679 3 3 473 875 1 6
680 3 4 239 449 5 -5
681 3 1 545 935 3 -1
682 3 1 293 689 5 4
683 3 1 461 71 6 -4
684 3 4 659 869 -5 5
685 3 4 161 545 -6 -5
686 3 6 41 833 4 -5
687 3 3 323 563 5 3
688 3 1 95 359 5 -3
689 3 5 329 335 3 6
690 3 2 989 899 -6 5
691 3 4 119 491 6 4
692 3 3 701 497 1 3
693 3 1 143 593 -2 -4
694 3 5 929 569 -3 -4
695 3 4 527 821 -6 -6
696 3 3 17 527 -4 -1
697 3 6 743 539 2 3
698 3 2 683 5 -5 -3
699 3 5 377 779 -5 -5
700 3 1 155 983 -2 2
701 3 4 905 755 3 5
702 3 3 989 821 2 5
703 3 3 803 905 6 1
704 3 3 503 59 3 6
705 3 6 737 575 -1 -1
706 3 5 107 107 -1 -5
707 3 5 125 779 2 6
708 3 5 941 107 -2 3
709 3 2 473 509 2 3
710 3 4 377 653 -2 1
711 3 4 245 47 5 -3
712 3 4 461 743 -2 5
713 3 5 575 89 -5 -6
714 3 4 179 299 5 3
715 3 3 515 143 6 6
716 3 3 725 215 4 2
717 3 3 119 47 -2 2
718 3 5 605 917 -4 1
719 3 6 11 341 -6 6
720 3 6 905 839 -3 -3
721 3 2 71 515 -5 5
722 3 1 311 803 -1 6
723 3 5 347 935 3 -5
724 3 5 527 353 3 3
725 3 1 119 881 5 2
726 3 1 911 803 6 2
727 3 5 485 113 -3 2
728 3 3 431 23 -6 2
729 3 3 953 143 5 -3
730 3 4 77 665 -4 4
731 3 5 995 755 1 5
732 3 2 839 149 5 -2
733 3 1 863 281 -4 2
734 3 2 797 773 -6 2
735 3 2 161 719 2 6
736 3 6 749 707 -4 -4
737 3 1 455 485 -6 -1
738 3 2 677 863 5 -6
739 3 2 239 923 4 -6
740 3 1 929 893 5 3
741 3 5 65 935 -1 3
742 3 6 503 779 -6 -6
743 3 6 647 689 -3 3
744 3 6 767 947 3 -5
745 3 2 629 587 -6 -4
746 3 4 719 563 4 6
747 3 6 869 431 -4 -3
748 3 1 287 695 4 5
749 3 2 863 839 -2 3
750 3 1 491 191 -3 5
751 3 6 671 719 -6 -5
752 3 2 557 359 -4 -6
753 3 4 425 359 3 5
754 3 2 527 605 -1 -2
755 3 5 485 737 3 -2
756 3 5 377 191 6 5
757 3 5 881 53 2 2
758 3 6 755 581 5 3
759 3 3 563 845 -6 -6
760 3 3 11 197 4 1
761 3 5 191 401 -5 -3
762 3 3 299 959 -2 -4
763 3 1 287 941 -4 -2
764 3 5 77 431 -3 -2
765 3 1 167 191 -2 5
766 3 3 977 833 6 1
767 3 4 239 869 2 -2
768 3 5 143 611 5 1
769 3 2 47 461 4 -2
770 3 3 521 383 4 -2
771 3 5 23 461 -6 5
772 3 5 911 323 -1 3
773 3 3 203 215 -4 -1
774 3 1 767 983 -3 -3
775 3 2 389 941 -2 1
776 3 3 725 341 -5 -5
777 3 4 677 647 -4 6
778 3 3 197 413 -6 3
779 3 2 491 239 6 -6
780 3 6 845 119 -2 -1
781 3 6 989 665 -3 5
782 3 1 401 467 -2 3
783 3 5 959 305 3 2
784 3 2 707 275 4 3
785 3 1 293 419 6 5
786 3 3 749 281 -6 5
787 3 5 965 761 -4 4
788 3 2 161 221 -2 4
789 3 3 125 179 1 -5
790 3 2 995 893 5 -5
791 3 2 263 503 -6 1
792 3 4 131 35 -1 -6
793 3 6 35 131 -1 3
794 3 3 383 191 -3 -4
795 3 6 59 371 -2 4
796 3 4 413 101 1 -5
797 3 3 629 737 4 -5
798 3 3 935 815 -6 -2
799 3 1 65 377 4 5
800 3 5 671 185 -4 1
801 3 5 965 215 3 6
802 3 3 941 959 -2 -6
803 3 5 137 527 -4 -6
804 3 5 539 185 -2 4
805 3 1 491 485 1 -1
806 3 6 857 671 -1 6
807 3 4 281 629 -6 1
808 3 3 323 707 4 3
809 3 5 131 467 -1 1
810 3 6 11 923 -3 4
811 3 5 863 221 4 1
812 3 1 485 695 2 -3
813 3 6 575 119 2 -1
814 3 4 707 761 -3 4
815 3 6 137 983 6 6
816 3 3 965 413 4 -5
817 3 4 29 863 2 -3
818 3 5 11 605 2 1
819 3 3 23 971 -2 6
820 3 1 131 53 -2 6
821 3 3 473 425 -4 2
822 3 2 377 215 -6 6
823 3 5 755 803 -2 2
824 3 4 983 575 2 -4
825 3 6 179 485 4 5
826 3 1 239 239 1 2
827 3 4 683 221 -2 4
828 3 1 965 119 -4 4
829 3 3 755 701 4 -6
830 3 5 797 71 -4 1
831 3 4 947 929 -3 5
832 3 2 971 137 -4 -2
833 3 1 215 149 2 -5
834 3 4 269 185 5 -3
835 3 2 719 701 -5 -5
836 3 2 569 179 3 3
837 3 4 935 857 4 -1
838 3 2 101 539 2 -2
839 3 6 803 773 -2 -2
840 3 2 113 347 6 6
841 3 4 563 269 -4 6
842 3 5 221 677 5 -6
843 3 2 503 893 -3 2
844 3 6 995 299 4 -1
845 3 1 275 539 -5 -3
846 3 6 263 107 2 -1
847 3 1 959 617 -5 6
848 3 6 443 413 3 3
849 3 2 695 131 -6 -4
850 3 5 791 905 6 -5
851 3 3 353 851 -5 3
852 3 4 857 191 4 -6
853 3 2 983 989 -2 -5
854 3 4 515 101 -3 4
855 3 3 917 935 -4 -5
856 3 5 617 737 4 -2
857 3 2 665 545 3 3
858 3 4 323 863 2 5
859 3 3 887 65 -6 -6
860 3 5 677 959 4 4
861 3 5 917 203 1 -4
862 3 3 473 389 -2 5
863 3 2 665 995 -3 -3
864 3 6 221 785 -4 -4
865 3 5 5 983 3 -1
866 3 1 725 731 6 6
867 3 5 803 125 1 -3
868 3 5 113 863 -5 2
869 3 5 827 839 1 4
870 3 3 107 575 6 2
871 3 6 11 359 -5 5
872 3 5 623 347 -4 -6
873 3 2 233 779 -2 -4
874 3 5 17 785 3 -3
875 3 4 29 77 -2 -3
876 3 4 305 581 -2 -6
877 3 6 665 131 -4 6
878 3 6 869 569 6 5
879 3 3 929 197 5 4
880 3 2 221 623 -2 2
881 3 5 761 539 3 -6
882 3 4 797 917 1 3
883 3 1 233 515 -5 -4
884 3 5 131 851 -6 1
885 3 5 203 767 -5 5
886 3 2 413 503 -6 6
887 3 1 641 413 4 5
888 3 6 551 701 4 -4
889 3 2 401 41 2 3
890 3 6 497 653 2 -5
891 3 4 797 707 1 -2
892 3 1 347 857 2 5
893 3 4 785 335 4 2
894 3 2 635 971 -6 2
895 3 4 797 581 -1 -1
896 3 2 455 353 4 -3
897 3 1 29 23 5 1
898 3 1 749 839 -4 -1
899 3 4 239 971 -3 6
900 3 4 701 743 6 3
901 3 6 851 941 -6 -4
902 3 6 569 983 -4 -4
903 3 6 701 689 6 6
904 3 1 305 707 -5 -3
905 3 3 287 209 1 -6
906 3 6 509 635 -6 6
907 3 1 437 47 2 3
908 3 3 845 65 5 5
909 3 1 833 779 1 -5
910 3 5 185 401 -5 -6
911 3 6 467 791 3 -3
912 3 3 413 221 4 -4
913 3 5 35 371 -2 2
914 3 6 713 287 -6 3
915 3 4 869 365 3 -1
916 3 2 275 125 -2 -2
917 3 4 965 131 -1 -6
918 3 5 299 713 5 -5
919 3 5 905 515 2 2
920 3 1 605 965 6 3
921 3 3 659 29 1 -3
922 3 1 779 413 -4 4
923 3 1 887 341 1 -3
924 3 5 299 245 -4 -2
925 3 5 713 923 5 -5
926 3 4 107 71 -4 -4
927 3 6 935 527 1 -2
928 3 6 53 611 -4 -2
929 3 6 863 167 -4 -4
930 3 6 515 665 -1 -1
931 3 5 773 191 -6 3
932 3 1 779 431 3 4
933 3 5 161 941 -1 6
934 3 3 449 935 -6 -5
935 3 2 767 53 2 -2
936 3 2 197 845 -2 -1
937 3 4 113 287 -4 6
938 3 5 221 83 -5 1
939 3 5 77 41 -4 3
940 3 5 401 77 3 6
941 3 5 227 335 -3 4
942 3 5 287 179 2 5
943 3 1 533 719 1 3
944 3 1 857 311 2 -2
945 3 4 263 977 1 -1
946 3 3 815 605 5 3
947 3 4 923 965 3 -5
948 3 5 443 641 2 -4
949 3 4 305 287 -2 6
950 3 5 665 95 3 5
951 3 6 647 71 4 4
952 3 1 641 833 4 -3
953 3 3 911 527 -6 5
954 3 3 71 449 2 -3
955 3 4 209 953 3 -3
956 3 1 11 437 6 2
957 3 3 341 89 -1 6
958 3 2 203 389 -3 4
959 3 5 395 815 -5 -3
960 3 5 185 539 -1 -1
961 3 3 293 539 5 -4
962 3 1 467 593 -3 -6
963 3 2 347 989 1 1
964 3 3 659 899 3 6
965 3 2 365 557 -4 -4
966 3 1 635 791 3 -3
967 3 4 737 803 1 -4
968 3 2 509 293 3 -3
969 3 4 467 893 -4 -4
970 3 2 545 263 1 -4
971 3 4 785 863 5 5
972 3 4 269 35 1 6
973 3 3 887 905 -3 -3
974 3 4 461 449 3 -2
975 3 1 299 209 -6 -3
976 3 2 875 191 -2 5
977 3 6 743 17 6 5
978 3 2 35 863 1 -2
979 3 6 437 653 -3 1
980 3 1 941 983 4 -2
981 3 2 95 935 5 -5
982 3 6 983 83 -2 3
983 3 1 899 563 -5 6
984 3 4 413 497 6 5
985 3 3 821 269 -3 1
986 3 3 23 431 -6 -4
987 3 3 953 365 -6 2
988 3 2 95 677 -1 -6
989 3 4 767 143 1 1
990 3 5 545 167 -4 2
991 3 4 251 29 -3 -3
992 3 4 551 557 2 -5
993 3 4 545 353 6 -6
994 3 6 299 641 3 4
995 3 6 473 395 1 -6
996 3 5 509 947 -3 -4
997 3 6 977 29 -4 -1
998 3 6 473 185 5 5
999 3 4 785 389 -6 -5
1000 3 2 719 167 5 3
1001 3 3 797 245 -5 -4
1002 3 3 521 545 -4 -6
1003 3 5 983 161 1 3
1004 3 5 713 821 4 -4
1005 3 2 299 455 -2 5
1006 3 5 113 845 -6 -2
1007 3 6 179 941 3 4
1008 3 3 167 575 -1 -1
1009 3 2 491 959 6 5
1010 3 2 269 863 -3 -6
1011 3 5 545 47 4 -3
1012 3 4 845 893 6 -6
1013 3 2 899 983 1 6
1014 3 3 323 119 -5 1
1015 3 5 467 113 -1 3
1016 3 1 497 53 -3 -1
1017 3 4 809 539 5 6
1018 3 5 527 971 -1 -1
1019 3 6 149 437 -3 -4
1020 3 3 803 521 -1 -3
1021 3 1 263 497 4 3
1022 3 2 815 743 4 -3
1023 3 6 725 245 -2 6
1024 3 4 113 617 2 -1
1025 3 2 41 389 -5 3
1026 3 3 941 101 6 1
1027 3 5 623 89 -6 5
1028 3 6 599 71 -5 -1
1029 3 6 101 95 -4 3
1030 3 3 137 95 -6 4
1031 3 3 59 173 1 -6
1032 3 1 431 419 2 6
1033 3 3 671 983 -2 -2
1034 3 6 401 935 -5 2
1035 3 2 491 869 -5 5
1036 3 6 971 203 -3 6
1037 3 2 65 89 -4 1
1038 3 3 17 119 6 4
1039 3 3 839 857 -2 -3
1040 3 2 155 521 3 -3
1041 3 5 281 557 -3 3
1042 3 4 953 857 5 -4
1043 3 5 329 761 -1 -6
1044 3 2 71 737 -3 2
1045 3 4 263 593 -4 -6
1046 3 5 425 431 6 2
1047 3 2 593 431 4 -3
1048 3 1 395 485 3 -4
1049 3 6 485 767 -2 6
1050 3 6 29 515 -3 -6
1051 3 2 695 749 -2 4
1052 3 5 443 875 2 6
1053 3 1 917 47 -4 2
1054 3 6 89 749 -1 4
1055 3 4 593 563 1 4
1056 3 1 125 137 3 5
1057 3 2 749 113 6 1
1058 3 4 929 599 2 2
1059 3 5 617 497 -4 2
1060 3 1 635 809 -3 -3
1061 3 1 989 965 -1 4
1062 3 4 149 407 -3 -4
1063 3 6 173 47 5 4
1064 3 2 905 563 -1 6
1065 3 4 719 677 3 3
1066 3 5 59 971 4 -1
1067 3 6 221 749 -1 -3
1068 3 2 605 167 -1 6
1069 3 3 167 809 -4 2
1070 3 2 719 347 -4 3
1071 3 5 371 29 -4 6
1072 3 6 101 413 -5 -4
1073 3 2 419 965 1 5
1074 3 2 113 749 -5 -6
1075 3 6 257 131 -4 3
1076 3 4 113 77 5 6
1077 3 6 461 215 -4 4
1078 3 3 251 71 5 6
1079 3 1 983 281 4 -2
1080 3 1 131 101 2 -3
1081 3 4 245 491 -5 2
1082 3 4 857 833 -5 2
1083 3 6 875 659 2 -5
1084 3 6 815 83 -1 -3
1085 3 3 731 587 -6 -1
1086 3 2 131 701 -3 4
1087 3 4 293 515 -4 1
1088 3 2 167 83 2 2
1089 3 6 191 419 1 -4
1090 3 2 197 545 6 5
1091 3 5 521 485 6 6
1092 3 5 641 131 -2 -2
1093 3 1 107 257 6 -2
1094 3 2 215 41 6 -3
1095 3 6 797 593 -5 5
1096 3 3 689 173 -5 -6
1097 3 2 341 809 2 -4
1098 3 1 497 269 -5 -5
1099 3 2 839 425 -3 5
1100 3 3 221 689 5 2
1101 3 6 491 581 -3 -5
1102 3 6 785 245 -1 4
1103 3 3 617 941 -5 2
1104 3 5 773 887 2 5
1105 3 2 149 419 -1 -6
1106 3 5 629 527 3 2
1107 3 5 911 47 -5 6
1108 3 4 347 497 6 6
1109 3 1 893 731 -6 3
1110 3 2 137 65 2 1
1111 3 1 875 83 -2 -1
1112 3 5 881 71 6 -6
1113 3 4 233 605 -5 -3
1114 3 1 527 725 3 -3
1115 3 4 509 11 -1 -5
1116 3 5 125 899 1 6
1117 3 4 383 353 -3 5
1118 3 2 323 467 -5 4
1119 3 4 509 275 -5 3
1120 3 3 575 431 5 -5
1121 3 2 929 65 -4 -3
1122 3 6 557 449 -2 1
1123 3 1 905 485 -6 -1
1124 3 5 713 353 2 -5
1125 3 2 707 161 -3 -5
1126 3 5 71 293 1 -6
1127 3 3 797 653 -6 -3
1128 3 2 161 971 1 5
1129 3 2 257 377 -5 -1
1130 3 3 11 275 -3 -4
1131 3 6 329 551 -2 6
1132 3 2 953 659 2 -3
1133 3 4 23 257 -4 -1
1134 3 4 251 611 -2 -1
1135 3 6 167 593 -3 -2
1136 3 2 455 827 -4 -4
1137 3 3 611 617 -6 -5
1138 3 3 29 83 6 4
1139 3 6 617 281 2 -2
1140 3 5 581 311 4 5
1141 3 4 311 53 2 -6
1142 3 6 299 629 -4 -6
1143 3 1 443 959 -4 -5
1144 3 6 71 371 2 -2
1145 3 4 59 83 4 -6
1146 3 5 107 191 5 -4
1147 3 2 23 89 -3 -5
1148 3 6 875 479 1 -1
1149 3 5 389 179 -3 -6
1150 3 1 83 287 -1 -6
1151 3 1 641 905 4 6
1152 3 5 515 329 -6 -4
1153 3 2 293 365 -1 -5
1154 3 6 635 77 -3 6
1155 3 6 833 833 3 -3
1156 3 5 965 401 1 4
1157 3 6 773 449 6 1
1158 3 4 431 323 -4 -1
1159 3 6 335 605 -1 -5
1160 3 4 491 677 -4 -5
1161 3 1 725 293 -4 6
1162 3 3 929 647 6 -5
1163 3 5 173 395 2 6
1164 3 1 215 131 6 -4
1165 3 1 629 635 -1 -4
1166 3 4 185 65 6 -2
1167 3 1 905 881 4 2
1168 3 1 419 197 -4 6
1169 3 2 461 185 -1 -1
1170 3 5 485 731 3 -1
1171 3 6 695 857 -4 6
1172 3 4 347 419 1 -2
1173 3 5 971 947 1 -4
1174 3 2 599 107 -4 4
1175 3 6 209 959 -3 4
1176 3 3 515 719 4 -2
1177 3 3 431 941 3 4
1178 3 3 683 629 4 5
1179 3 6 947 149 -6 -3
1180 3 4 689 749 -6 6
1181 3 2 761 737 5 1
1182 3 5 317 377 2 2
1183 3 6 593 359 4 6
1184 3 5 167 725 1 4
1185 3 4 527 851 3 3
1186 3 5 185 347 5 6
1187 3 4 587 449 -1 -2
1188 3 2 233 983 -3 -6
1189 3 6 587 767 -1 -2
1190 3 1 173 773 1 5
1191 3 3 911 641 1 -4
1192 3 4 563 509 5 3
1193 3 1 845 377 -2 4
1194 3 1 857 443 -5 1
1195 3 1 221 305 -6 6
1196 3 1 695 323 -2 5
1197 3 1 173 89 2 6
1198 3 2 167 989 -5 -4
1199 3 5 269 353 3 -5
1200 3 1 455 11 5 2
1201 3 1 683 779 -1 -3
1202 3 6 419 635 -5 5
1203 3 3 647 425 -1 -5
1204 3 6 341 905 -1 6
1205 3 6 251 509 -6 5
1206 3 5 437 521 -2 3
1207 3 4 491 509 -1 5
1208 3 4 443 269 -3 4
1209 3 2 905 491 -3 3
1210 3 2 731 269 4 -5
1211 3 6 623 413 4 2
1212 3 3 65 485 2 3
1213 3 1 257 155 -4 -4
1214 3 1 197 737 6 -4
1215 3 5 335 617 -4 -2
1216 3 2 209 659 3 -5
1217 3 4 323 59 -6 1
1218 3 5 329 107 -5 -2
1219 3 1 515 857 -2 -4
1220 3 5 449 527 -2 -5
1221 3 6 683 485 2 -4
1222 3 6 689 941 1 -2
1223 3 3 215 719 2 5
1224 3 1 287 167 -2 1
1225 3 4 647 35 -3 -1
1226 3 1 83 863 -2 -2
1227 3 4 671 431 -5 -4
1228 3 5 467 503 -5 6
1229 3 6 539 683 6 6
1230 3 2 539 275 -1 -3
1231 3 4 113 17 3 4
1232 3 6 305 617 -3 -4
1233 3 1 899 833 5 3
1234 3 6 833 263 -2 2
1235 3 4 839 833 6 3
1236 3 5 911 449 -1 6
1237 3 5 395 257 -1 -4
1238 3 4 935 563 -2 1
1239 3 1 473 989 -3 5
1240 3 5 875 623 -2 5
1241 3 6 803 23 -5 5
1242 3 5 377 833 -2 -4
1243 3 4 173 557 -6 -5
1244 3 1 881 653 2 1
1245 3 3 491 449 -4 -2
1246 3 2 293 155 -2 2
1247 3 6 419 437 5 2
1248 3 3 17 59 -3 -6
1249 3 5 923 743 -4 1
1250 3 4 461 341 -2 1
1251 3 6 935 869 2 -5
1252 3 1 65 71 -4 -6
1253 3 1 851 659 -6 1
1254 3 3 293 65 3 -2
1255 3 4 983 365 5 -1
1256 3 6 833 395 -4 2
1257 3 6 575 977 1 1
1258 3 2 893 17 3 -6
1259 3 2 869 623 -5 -6
1260 3 4 365 461 6 3
1261 3 5 581 491 1 1
1262 3 5 197 995 -2 -4
1263 3 3 191 503 1 -5
1264 3 1 761 251 6 -3
1265 3 2 839 113 -5 -6
1266 3 3 527 941 1 -5
1267 3 4 521 179 6 3
1268 3 5 755 917 6 3
1269 3 1 563 263 5 -4
1270 3 2 113 161 6 1
1271 3 4 119 179 -1 3
1272 3 3 233 443 3 3
1273 3 5 869 371 1 -1
1274 3 1 773 587 -6 -2
1275 3 4 365 521 -1 -1
1276 3 4 461 833 6 -3
1277 3 6 689 341 -4 5
1278 3 6 59 671 -6 -6
1279 3 6 683 635 -6 -6
1280 3 1 449 173 -4 -5
1281 3 4 311 785 -5 -6
1282 3 6 299 281 -1 -1
1283 3 6 929 17 6 1
1284 3 5 581 689 -4 1
1285 3 3 839 473 2 5
1286 3 5 923 839 -2 4
1287 3 5 89 551 3 -6
1288 3 1 881 569 -4 3
1289 3 6 761 857 6 6
1290 3 3 359 401 -2 -5
1291 3 3 857 743 -1 -4
1292 3 1 179 77 3 3
1293 3 2 149 41 6 2
1294 3 2 773 359 3 5
1295 3 5 713 995 -6 -6
1296 3 6 545 41 -2 1
1297 3 2 257 245 6 -3
1298 3 3 629 521 5 -5
1299 3 5 233 203 -1 -3
1300 3 3 617 143 6 2
1301 3 4 167 737 1 4
1302 3 6 563 623 -6 4
1303 3 1 803 647 1 4
1304 3 4 917 209 5 3
1305 3 3 479 503 -3 -3
1306 3 2 953 917 -6 3
1307 3 6 773 251 -6 1
1308 3 3 509 869 -5 6
1309 3 2 161 827 -3 3
1310 3 2 605 941 3 2
1311 3 3 311 35 4 -4
1312 3 3 437 275 3 -6
1313 3 6 971 773 2 -2
1314 3 3 329 917 1 6
1315 3 5 647 785 6 1
1316 3 6 497 515 6 -5
1317 3 2 197 407 6 6
1318 3 3 695 455 6 -1
1319 3 2 923 413 6 -4
1320 3 2 503 563 -6 6
1321 3 1 107 791 5 4
1322 3 3 809 275 -4 -3
1323 3 1 797 173 1 1
1324 3 2 539 635 3 -1
1325 3 6 857 329 -4 2
1326 3 4 797 203 -6 6
1327 3 1 737 683 2 2
1328 3 2 989 755 1 1
1329 3 6 551 875 -3 -6
1330 3 5 437 305 3 -3
1331 3 1 191 761 2 -3
1332 3 4 113 503 3 2
1333 3 4 929 155 -4 6
1334 3 3 623 425 6 -2
1335 3 1 737 629 -6 -1
1336 3 3 623 569 -1 -1
1337 3 1 335 653 -3 -6
1338 3 3 491 233 -6 -5
1339 3 2 401 335 -3 -2
1340 3 6 821 371 1 -3
1341 3 6 35 815 -4 2
1342 3 4 551 35 1 -5
1343 3 4 35 959 3 -4
1344 3 6 455 437 -1 5
1345 3 2 689 611 -3 1
1346 3 6 413 119 3 1
1347 3 3 461 977 1 -4
1348 3 2 851 29 -3 3
1349 3 5 503 647 6 2
1350 3 6 749 11 2 -1
1351 3 3 149 755 -4 -1
1352 3 1 887 887 -3 5
1353 3 4 473 41 -6 3
1354 3 2 437 155 -3 5
1355 3 3 443 419 -6 -1
1356 3 5 5 605 2 -2
1357 3 5 761 665 -2 4
1358 3 2 185 389 6 2
1359 3 3 233 995 1 -6
1360 3 5 401 689 -1 4
1361 3 3 719 299 -5 1
1362 3 3 191 905 -4 5
1363 3 6 41 941 1 5
1364 3 5 623 353 -2 -2
1365 3 5 641 341 3 -4
1366 3 5 629 713 1 -5
1367 3 1 41 725 -1 3
1368 3 3 419 917 6 -2
1369 3 3 701 953 -2 4
1370 3 6 839 5 5 -2
1371 3 4 893 419 -1 1
1372 3 6 689 635 3 -6
1373 3 4 179 377 2 6
1374 3 3 473 503 -5 -6
1375 3 2 317 887 2 -2
1376 3 3 497 767 -5 2
1377 3 3 821 647 -5 -5
1378 3 6 299 863 -2 -1
1379 3 1 779 215 5 2
1380 3 6 329 791 6 -6
1381 3 6 137 113 1 2
1382 3 5 653 989 6 2
1383 3 4 425 935 4 -4
1384 3 5 935 617 1 3
1385 3 6 473 881 -6 -2
1386 3 4 641 299 4 5
1387 3 3 371 167 1 2
1388 3 4 71 41 -5 -3
1389 3 4 887 683 6 -2
1390 3 4 587 401 -5 5
1391 3 3 131 923 1 5
1392 3 4 923 335 -5 -2
1393 3 3 5 155 -2 -3
1394 3 1 971 755 -6 4
1395 3 3 485 287 -5 -6
1396 3 2 773 305 4 -5
1397 3 4 479 113 4 4
1398 3 2 845 887 5 3
1399 3 5 407 239 1 3
1400 3 4 953 185 6 5
1401 3 2 857 755 -5 -1
1402 3 3 293 455 -4 4
1403 3 1 23 329 -3 -1
1404 3 5 455 305 1 -2
1405 3 6 671 347 -3 -4
1406 3 5 755 419 5 4
1407 3 2 143 527 -4 -3
1408 3 3 521 191 -2 -2
1409 3 1 971 317 -5 1
1410 3 2 581 899 -6 -4
1411 3 2 983 911 2 -5
1412 3 1 599 221 6 1
1413 3 6 71 575 -4 3
1414 3 4 293 911 1 6
1415 3 5 425 233 6 6
1416 3 2 947 311 1 1
1417 3 4 725 551 -3 1
1418 3 1 365 659 6 -2
1419 3 2 713 419 -2 6
1420 3 4 785 911 2 -3
1421 3 4 623 173 2 3
1422 3 3 47 365 6 -1
1423 3 4 347 683 -2 2
1424 3 3 359 905 5 -5
1425 3 3 479 815 4 -6
1426 3 5 647 365 5 4
1427 3 2 35 713 1 -6
1428 3 2 191 179 -2 5
1429 3 6 143 377 3 1
1430 3 5 53 233 4 3
1431 3 1 923 863 2 5
1432 3 3 629 371 5 6
1433 3 2 869 647 -5 -6
1434 3 6 965 197 5 -6
1435 3 2 611 239 3 4
1436 3 2 143 263 1 -2
1437 3 3 437 245 5 6
1438 3 5 365 719 2 -2
1439 3 3 749 203 6 -2
1440 3 6 245 977 3 -2
1441 3 1 911 599 3 5
1442 3 1 401 539 6 5
1443 3 5 197 59 -5 -3
1444 3 1 473 923 3 -5
1445 3 5 575 569 4 4
1446 3 2 299 875 -3 3
1447 3 3 71 701 2 3
1448 3 6 983 233 3 1
1449 3 2 611 317 -1 3
1450 3 3 47 233 2 5
1451 3 5 425 197 4 2
1452 3 3 797 53 -4 4
1453 3 2 821 797 1 -4
1454 3 5 629 881 -1 -2
1455 3 4 557 617 5 5
1456 3 3 851 875 -2 1
1457 3 5 845 623 5 4
1458 3 6 659 965 2 -6
1459 3 6 11 5 1 4
1460 3 4 917 263 -6 -6
1461 3 3 341 449 -6 -1
1462 3 2 107 47 -4 5
1463 3 3 293 557 2 -2
1464 3 6 917 851 4 2
1465 3 2 779 617 -6 6
1466 3 1 905 857 -5 -1
1467 3 6 647 329 -6 6
1468 3 6 725 995 3 3
1469 3 6 623 191 3 -6
1470 3 4 575 113 -2 1
1471 3 2 749 521 -6 -6
1472 3 4 689 59 3 2
1473 3 4 965 389 -6 4
1474 3 5 335 143 -1 -5
1475 3 6 395 425 -5 -4
1476 3 4 845 653 3 -6
1477 3 1 119 479 5 -6
1478 3 2 329 863 -6 5
1479 3 4 365 731 2 6
1480 3 5 293 5 -1 -3
1481 3 1 557 401 -1 -6
1482 3 1 557 545 -5 -1
1483 3 5 389 377 6 -4
1484 3 6 353 263 6 -6
1485 3 4 401 23 4 -5
1486 3 4 191 827 4 3
1487 3 5 35 755 -6 -5
1488 3 4 155 701 4 -5
1489 3 2 659 629 -1 -6
1490 3 1 881 17 -1 4
1491 3 1 557 491 -4 -6
1492 3 2 689 695 -3 5
1493 3 1 419 209 2 -2
1494 3 4 743 719 -1 -5
1495 3 1 185 701 3 4
1496 3 3 23 53 3 5
1497 3 2 11 107 -5 -3
1498 3 2 413 449 -4 -2
1499 3 4 101 749 5 3
1500 3 6 329 425 1 -3
1501 3 6 275 875 3 4
1502 3 3 83 509 1 2
1503 3 4 185 35 2 2
1504 3 4 185 587 -4 1
1505 3 2 347 737 2 -2
1506 3 5 857 113 -5 -3
1507 3 4 431 833 -1 5
1508 3 2 599 983 -4 -4
1509 3 1 323 725 -6 -5
1510 3 1 23 47 -3 6
1511 3 4 275 323 -6 -1
1512 3 4 59 89 3 -1
1513 3 5 533 539 -1 -1
1514 3 6 5 581 -1 5
1515 3 1 209 515 1 6
1516 3 2 641 989 -4 -3
1517 3 3 11 491 -2 -3
1518 3 4 863 485 5 5
1519 3 6 203 911 -3 -2
1520 3 2 473 779 1 2
1521 3 5 47 707 3 -4
1522 3 5 761 581 -5 -5
1523 3 3 677 653 -2 4
1524 3 5 893 353 -5 3
1525 3 4 857 359 4 -4
1526 3 3 83 497 -4 3
1527 3 4 557 263 -6 6
1528 3 6 395 989 5 2
1529 3 1 995 815 -4 4
1530 3 5 671 305 -2 6
1531 3 2 785 947 -3 -2
1532 3 2 335 287 4 -1
1533 3 3 671 761 -1 3
1534 3 6 17 329 5 -1
1535 3 4 905 797 -5 -3
1536 3 4 803 659 5 2
1537 3 5 731 839 -5 3
1538 3 6 29 125 -2 3
1539 3 4 737 359 4 5
1540 3 5 167 227 6 -5
1541 3 2 239 599 5 -2
1542 3 6 527 11 3 1
1543 3 6 395 665 6 4
1544 3 2 209 161 4 -2
1545 3 5 785 299 -1 -2
1546 3 4 995 293 -2 1
1547 3 2 971 185 -3 2
1548 3 6 65 479 -2 2
1549 3 6 347 647 3 -4
1550 3 5 59 119 -4 6
1551 3 6 701 911 -1 2
1552 3 1 575 293 -3 -1
1553 3 2 611 371 -4 1
1554 3 6 35 401 3 6
1555 3 3 83 833 -3 -3
1556 3 1 233 785 -3 6
1557 3 1 863 521 4 5
1558 3 2 797 947 -5 -6
1559 3 2 611 605 -1 5
1560 3 4 113 407 -2 3
1561 3 3 965 23 5 -6
1562 3 1 731 173 -5 -5
1563 3 4 401 245 -2 -4
1564 3 2 953 599 1 -5
1565 3 3 203 275 4 -5
1566 3 6 41 947 -1 5
1567 3 4 731 455 -6 5
1568 3 6 881 917 1 2
1569 3 1 227 785 4 1
1570 3 2 161 191 -2 6
1571 3 2 305 923 5 5
1572 3 6 977 17 4 1
1573 3 4 761 341 -3 6
1574 3 1 737 773 3 -2
1575 3 1 65 719 -4 -2
1576 3 1 419 701 4 -5
1577 3 1 599 455 4 -5
1578 3 2 89 545 -3 -6
1579 3 2 995 977 -2 6
1580 3 5 827 785 1 6
1581 3 2 143 863 -6 -2
1582 3 2 11 245 -2 5
1583 3 4 323 761 -6 -6
1584 3 3 365 563 -5 -1
1585 3 2 533 245 -3 -1
1586 3 1 665 227 1 -1
1587 3 6 707 341 -3 -1
1588 3 5 635 143 -4 -1
1589 3 3 167 611 3 4
1590 3 4 101 377 -1 1
1591 3 1 425 131 3 1
1592 3 6 341 977 -6 -1
1593 3 1 455 659 -2 -5
1594 3 3 833 977 2 6
1595 3 5 329 893 6 -3
1596 3 1 899 623 -3 3
1597 3 1 923 665 3 5
1598 3 4 83 419 2 -6
1599 3 2 635 839 5 6
1600 3 4 971 767 1 1
1601 3 2 131 443 6 -2
1602 3 2 725 221 -1 -6
1603 3 2 101 173 -4 -2
1604 3 2 437 983 4 -6
1605 3 2 695 293 6 6
1606 3 3 185 467 -4 4
1607 3 6 515 737 -1 -4
1608 3 3 443 485 -1 -4
1609 3 3 611 779 -5 5
1610 3 5 251 755 2 -4
1611 3 2 251 233 1 -3
1612 3 1 821 623 -3 -6
1613 3 1 311 5 4 -1
1614 3 1 263 839 -2 5
1615 3 3 299 851 2 6
1616 3 3 191 41 -4 2
1617 3 1 149 209 -3 5
1618 3 1 317 251 -4 -1
1619 3 2 401 425 -2 3
1620 3 6 59 563 -4 4
1621 3 1 869 617 -1 -4
1622 3 3 521 755 -1 3
1623 3 5 185 779 -3 -4
1624 3 2 191 497 -6 3
1625 3 1 749 185 1 4
1626 3 3 779 563 5 -4
1627 3 4 353 941 4 1
1628 3 1 425 965 2 3
1629 3 3 461 521 -5 -2
1630 3 1 161 737 4 -1
1631 3 4 653 821 1 5
1632 3 1 65 503 6 -1
1633 3 4 383 491 -4 -6
1634 3 6 353 665 -3 -6
1635 3 6 317 443 2 -5
1636 3 5 173 251 -5 3
1637 3 6 953 773 -3 -3
1638 3 4 41 569 6 5
1639 3 4 881 557 -1 -1
1640 3 6 275 275 5 -4
1641 3 4 329 209 -3 -5
1642 3 4 821 503 4 -2
1643 3 5 509 893 -1 -1
1644 3 5 839 941 2 -4
1645 3 5 803 419 3 -2
1646 3 5 665 287 -1 -1
1647 3 5 47 323 1 -1
1648 3 6 311 509 -6 -6
1649 3 2 935 935 6 -5
1650 3 1 995 683 -5 4
1651 3 2 671 173 5 -5
1652 3 4 677 41 -5 3
1653 3 1 251 281 -5 -2
1654 3 3 275 413 4 2
1655 3 2 557 767 5 2
1656 3 5 263 809 -3 3
1657 3 6 539 155 2 1
1658 3 2 281 821 -1 -1
1659 3 4 419 47 3 -3
1660 3 6 425 941 1 1
1661 3 2 293 575 -2 -6
1662 3 2 905 65 4 3
1663 3 2 749 833 -4 5
1664 3 5 389 881 -5 -1
1665 3 3 353 401 4 4
1666 3 3 881 251 3 5
1667 3 5 881 677 4 -5
1668 3 1 569 845 -2 2
1669 3 5 953 437 -3 -3
1670 3 5 317 617 -1 -1
1671 3 4 281 587 -4 -3
1672 3 4 845 875 2 -3
1673 3 5 905 479 4 -1
1674 3 4 293 635 -3 3
1675 3 4 251 545 -3 5
1676 3 5 305 455 2 6
1677 3 6 41 437 -6 5
1678 3 4 839 503 2 -5
1679 3 6 431 401 6 3
1680 3 6 755 305 -5 3
1681 3 6 269 671 -2 -2
1682 3 4 845 155 -6 -4
1683 3 4 605 773 -2 4
1684 3 2 773 479 3 -3
1685 3 4 647 611 6 -2
1686 3 1 401 59 -4 -1
1687 3 4 989 299 -5 -5
1688 3 4 755 113 3 4
1689 3 3 395 359 3 -3
1690 3 3 269 719 -4 5
1691 3 4 155 515 6 -6
1692 3 1 905 671 5 -1
1693 3 4 197 197 4 -6
1694 3 4 35 563 2 -5
1695 3 1 929 833 -1 6
1696 3 4 509 119 4 3
1697 3 2 569 755 -2 1
1698 3 4 605 125 4 -1
1699 3 1 515 425 -2 -6
1700 3 6 779 581 5 -3
1701 3 2 593 401 -2 6
1702 3 1 659 539 -5 -2
1703 3 6 887 323 -6 -2
1704 3 6 905 509 1 -4
1705 3 1 107 917 -3 -5
1706 3 1 329 389 3 5
1707 3 5 527 863 -2 4
1708 3 5 383 791 4 -2
1709 3 2 803 569 -6 3
1710 3 5 221 311 1 -1
1711 3 2 35 449 -5 -1
1712 3 3 845 83 -1 -5
1713 3 6 515 443 -6 -6
1714 3 2 239 287 -6 -4
1715 3 1 23 581 1 4
1716 3 1 959 329 6 5
1717 3 1 413 749 -3 -4
1718 3 5 257 401 -2 4
1719 3 4 335 41 -2 -6
1720 3 1 425 341 6 3
1721 3 6 359 971 -5 4
1722 3 3 995 155 -4 2
1723 3 3 413 509 2 -4
1724 3 6 497 323 4 3
1725 3 3 227 953 2 -5
1726 3 4 191 623 2 1
1727 3 5 107 227 -6 6
1728 3 5 947 935 -2 6
1729 3 3 719 437 5 -5
1730 3 1 665 863 -2 -4
1731 3 5 371 629 -1 3
1732 3 3 857 815 2 2
1733 3 2 119 65 -6 -6
1734 3 4 119 95 -2 -4
1735 3 4 755 995 -2 4
1736 3 1 233 431 3 -4
1737 3 6 437 533 3 -2
1738 3 1 311 29 -5 -1
1739 3 6 917 743 4 5
1740 3 4 197 287 1 2
1741 3 5 923 29 6 -3
1742 3 2 659 137 -4 5
1743 3 1 857 17 -4 -4
1744 3 1 257 575 -6 -1
1745 3 5 275 5 4 2
1746 3 3 449 533 6 -4
1747 3 1 725 413 6 -1
1748 3 6 995 845 6 6
1749 3 4 617 125 6 -1
1750 3 3 203 845 5 -1
1751 3 6 659 863 1 6
1752 3 2 461 893 3 -1
1753 3 2 899 911 1 -3
1754 3 4 659 443 1 -2
1755 3 4 947 377 -1 -4
1756 3 5 929 803 -4 -2
1757 3 3 551 329 -6 1
1758 3 1 347 521 2 -1
1759 3 2 701 305 1 4
1760 3 2 23 683 1 -5
1761 3 5 857 563 -5 1
1762 3 6 635 353 1 -6
1763 3 6 719 23 3 -3
1764 3 6 431 599 4 6
1765 3 4 53 461 4 2
1766 3 1 131 473 3 -3
1767 3 1 491 881 -6 -1
1768 3 5 197 587 -2 -6
1769 3 3 479 983 2 -1
1770 3 2 299 89 6 5
1771 3 2 473 803 -3 2
1772 3 4 125 701 -3 2
1773 3 1 107 35 -5 1
1774 3 6 599 707 -5 -1
1775 3 6 449 809 -1 -2
1776 3 5 713 725 -2 -3
1777 3 5 857 251 -4 2
1778 3 4 449 473 3 -1
1779 3 4 539 797 2 6
1780 3 2 317 653 -6 -5
1781 3 1 389 755 -6 -4
1782 3 6 329 845 6 -4
1783 3 3 191 437 -6 4
1784 3 2 407 485 -2 4
1785 3 6 653 827 -2 -1
1786 3 5 377 719 4 6
1787 3 3 119 659 -4 -2
1788 3 4 215 767 -6 5
1789 3 1 305 161 -1 3
1790 3 4 821 89 5 4
1791 3 6 881 539 6 -2
1792 3 3 851 77 6 6
1793 3 2 641 215 4 -5
1794 3 4 71 275 4 5
1795 3 3 71 233 6 -6
1796 3 1 137 365 3 3
1797 3 3 575 725 6 -4
1798 3 6 491 779 -3 -6
1799 3 5 245 845 -3 -5
1800 3 5 671 839 -4 -1
1801 3 2 53 329 -6 1
1802 3 6 233 851 4 6
1803 3 1 413 551 4 -4
1804 3 1 17 293 6 4
1805 3 5 89 923 5 4
1806 3 6 677 353 5 -4
1807 3 5 953 95 6 5
1808 3 4 149 491 2 -3
1809 3 1 431 53 -6 6
1810 3 1 851 605 1 4
1811 3 6 941 515 -3 4
1812 3 6 605 869 -3 -4
1813 3 1 521 233 6 6
1814 3 6 443 587 5 -2
1815 3 2 521 323 -6 -3
1816 3 5 527 371 -2 -2
1817 3 5 839 935 -3 -1
1818 3 4 425 335 4 6
1819 3 6 725 605 -1 -4
1820 3 2 551 497 5 -3
1821 3 6 239 893 -5 -5
1822 3 6 971 731 1 6
1823 3 1 449 431 -2 -6
1824 3 2 479 701 -4 -5
1825 3 6 143 479 5 -1
1826 3 2 23 125 -2 1
1827 3 5 161 509 -4 -1
1828 3 1 875 35 -3 -3
1829 3 4 293 761 4 -3
1830 3 3 377 701 -3 -3
1831 3 4 155 569 3 -6
1832 3 5 497 803 -1 -2
1833 3 3 437 281 -5 2
1834 3 3 581 779 -5 -4
1835 3 3 593 227 1 -6
1836 3 3 827 209 4 -2
1837 3 6 893 629 5 -6
1838 3 5 617 17 2 5
1839 3 1 497 809 -2 -1
1840 3 4 551 95 -3 -4
1841 3 1 641 857 -4 5
1842 3 4 599 143 6 1
1843 3 6 377 503 -3 4
1844 3 6 167 773 3 4
1845 3 1 869 737 3 4
1846 3 6 191 263 -5 -6
1847 3 5 773 575 2 -6
1848 3 2 851 713 3 -5
1849 3 4 995 857 5 3
1850 3 5 143 755 -5 4
1851 3 4 737 245 1 6
1852 3 5 869 209 1 -3
1853 3 2 845 863 -1 1
1854 3 6 749 335 3 3
1855 3 2 803 821 5 -5
1856 3 2 53 797 5 3
1857 3 2 41 371 3 -1
1858 3 4 455 917 3 -5
1859 3 6 53 563 6 1
1860 3 6 923 761 5 -5
1861 3 4 839 821 4 3
1862 3 4 965 995 1 -2
1863 3 5 425 665 5 6
1864 3 4 257 437 -4 4
1865 3 3 359 965 3 -6
1866 3 3 89 905 -1 1
1867 3 5 671 341 5 -1
1868 3 4 299 491 2 -1
1869 3 6 557 365 2 -6
1870 3 4 227 11 -6 -1
1871 3 5 59 989 2 -2
1872 3 4 29 395 -6 -6
1873 3 4 863 803 6 -3
1874 3 4 95 179 1 1
1875 3 6 173 923 5 2
1876 3 2 491 317 1 -1
1877 3 5 125 551 3 -5
1878 3 1 713 503 2 5
1879 3 1 911 491 -6 -6
1880 3 2 623 983 3 -5
1881 3 1 707 461 -6 6
1882 3 3 269 815 4 -6
1883 3 3 305 701 -2 -3
1884 3 5 251 413 -4 -6
1885 3 4 881 341 1 1
1886 3 6 641 689 3 -3
1887 3 4 503 581 -3 2
1888 3 6 551 677 -6 -2
1889 3 6 275 581 4 1
1890 3 1 299 317 -6 3
1891 3 3 425 401 6 4
1892 3 1 779 101 3 1
1893 3 3 725 629 6 -5
1894 3 5 797 827 -3 6
1895 3 1 569 599 -3 5
1896 3 6 53 941 1 -2
1897 3 2 377 317 6 -2
1898 3 2 851 185 -3 -6
1899 3 1 863 371 2 3
1900 3 6 161 485 -3 -2
1901 3 4 965 419 3 1
1902 3 6 419 737 5 1
1903 3 6 893 833 2 -1
1904 3 5 623 437 -6 -3
1905 3 5 23 59 -3 6
1906 3 3 641 845 4 -1
1907 3 5 689 425 -4 -6
1908 3 1 959 743 -3 3
1909 3 6 665 47 6 -4
1910 3 6 929 605 4 6
1911 3 6 599 353 -4 5
1912 3 1 671 425 2 4
1913 3 6 503 575 -1 -3
1914 3 2 407 89 -1 -3
1915 3 4 293 341 -4 -5
1916 3 6 995 605 -2 -1
1917 3 4 767 149 -1 -3
1918 3 4 749 821 -1 6
1919 3 2 665 317 3 6
1920 3 3 563 281 6 5
1921 3 3 695 851 -2 -2
1922 3 6 461 293 5 -4
1923 3 2 941 977 -2 1
1924 3 5 257 53 -5 2
1925 3 1 143 641 -2 -1
1926 3 5 485 641 4 5
1927 3 1 617 161 1 6
1928 3 2 431 689 5 -5
1929 3 5 479 569 2 4
1930 3 4 131 377 2 -3
1931 3 4 593 905 -5 3
1932 3 4 89 329 -5 2
1933 3 5 449 899 -6 1
1934 3 2 239 233 -6 5
1935 3 3 485 953 -2 -2
1936 3 3 845 233 5 -6
1937 3 3 389 917 1 1
1938 3 4 479 5 -1 -1
1939 3 5 599 425 1 -4
1940 3 1 851 395 2 2
1941 3 5 869 671 -3 3
1942 3 1 65 113 -4 -5
1943 3 3 281 419 3 -4
1944 3 2 173 929 -3 2
1945 3 3 47 911 -5 4
1946 3 2 917 221 4 2
1947 3 4 683 563 -6 1
1948 3 5 641 35 -6 -1
1949 3 1 95 815 4 -1
1950 3 4 701 65 -1 -3
1951 3 2 347 191 4 4
1952 3 2 641 167 5 -3
1953 3 6 209 317 6 -2
1954 3 5 749 641 1 3
1955 3 3 239 629 -4 3
1956 3 2 617 485 4 -1
1957 3 6 53 53 6 -6
1958 3 3 719 707 -5 -6
1959 3 6 599 665 -6 -1
1960 3 6 329 485 -6 4
1961 3 2 41 701 -4 -4
1962 3 4 755 887 -2 -6
1963 3 4 227 497 -5 -2
1964 3 3 239 329 2 -4
1965 3 2 47 767 -4 -3
1966 3 5 587 407 -5 -3
1967 3 1 869 377 6 2
1968 3 4 815 59 -2 6
1969 3 5 335 425 -1 2
1970 3 1 503 551 -3 -4
1971 3 6 977 425 2 6
1972 3 3 617 833 -2 5
1973 3 4 743 515 6 5
1974 3 4 83 251 2 1
1975 3 5 35 989 6 -3
1976 3 5 473 329 -5 1
1977 3 6 539 605 3 -5
1978 3 1 347 449 2 -6
1979 3 5 767 677 -6 -3
1980 3 5 371 95 2 4
1981 3 1 641 353 -2 -6
1982 3 3 881 161 5 1
1983 3 6 263 515 3 -4
1984 3 4 89 515 -6 -5
1985 3 2 671 911 2 1
1986 3 6 305 59 4 -2
1987 3 3 653 29 4 2
1988 3 1 905 419 3 -5
1989 3 2 431 821 4 -1
1990 3 6 959 647 -1 -6
1991 3 1 35 791 3 3
1992 3 6 143 179 3 -4
1993 3 1 863 95 -1 -2
1994 3 5 191 461 3 5
1995 3 3 299 563 -1 5
1996 3 3 323 113 2 -3
1997 3 3 827 347 -6 5
1998 3 1 485 623 -2 -4
1999 3 2 59 653 -6 2
