1000 1000 4000
0.001 0 0
0 3 2 767 395 5 -1
1 3 2 293 791 -1 5
2 3 3 245 893 2 5
3 3 6 617 311 -2 6
4 3 6 845 659 4 -2
5 3 2 479 5 -5 4
6 3 3 323 701 -6 5
7 3 2 629 257 -3 -5
8 3 5 473 545 2 -1
9 3 5 425 11 1 1
10 3 1 101 929 -6 -2
11 3 2 299 41 5 -4
12 3 1 521 851 -1 5
13 3 4 359 953 -2 -1
14 3 5 317 839 3 5
15 3 6 71 425 3 6
16 3 6 983 305 -4 5
17 3 3 935 845 5 3
18 3 2 443 911 3 2
19 3 2 653 167 6 -2
20 3 5 281 5 -2 4
21 3 4 605 605 5 5
22 3 5 317 317 -4 5
23 3 2 491 17 -2 3
24 3 2 47 809 3 6
25 3 3 239 167 6 -3
26 3 6 263 545 -4 -6
27 3 1 23 563 -3 -1
28 3 3 515 503 4 1
29 3 4 491 11 5 5
30 3 4 173 671 5 2
31 3 3 119 683 -1 5
32 3 1 599 131 -4 2
33 3 3 41 35 -2 -4
34 3 4 35 971 -5 -4
35 3 3 443 353 -5 -6
36 3 1 821 875 2 -5
37 3 1 653 671 -6 -5
38 3 1 503 971 3 -3
39 3 1 71 599 -2 -1
40 3 4 515 629 -5 2
41 3 2 389 803 -2 4
42 3 1 389 131 1 -3
43 3 6 857 227 2 -3
44 3 2 647 227 -5 1
45 3 5 617 623 5 1
46 3 3 515 455 3 6
47 3 2 107 257 5 -2
48 3 3 431 371 -1 2
49 3 6 191 59 -3 2
50 3 1 371 437 -4 -1
51 3 1 551 359 -1 4
52 3 3 683 941 -2 -4
53 3 5 749 731 2 -6
54 3 6 587 533 -3 -3
55 3 5 587 779 1 5
56 3 6 983 119 4 5
57 3 3 551 155 2 -3
58 3 4 53 629 -2 2
59 3 4 713 533 -1 4
60 3 2 653 737 1 -6
61 3 3 713 413 -5 2
62 3 3 371 173 1 -5
63 3 3 311 287 5 5
64 3 6 233 365 -4 4
65 3 5 425 461 2 -1
66 3 4 695 197 3 -1
67 3 6 413 611 -1 -5
68 3 3 857 113 4 3
69 3 5 353 605 -2 2
70 3 3 791 755 4 -2
71 3 3 695 833 -4 -6
72 3 6 395 707 4 -1
73 3 3 17 863 -1 -1
74 3 4 641 863 3 -2
75 3 6 83 35 2 1
76 3 1 743 41 6 6
77 3 2 113 173 4 -4
78 3 1 419 803 1 -3
79 3 1 287 155 -3 -4
80 3 3 575 959 6 -4
81 3 6 791 185 1 -1
82 3 2 263 659 3 5
83 3 5 641 905 3 5
84 3 5 767 599 -6 1
85 3 3 995 239 1 -3
86 3 2 587 245 -3 -4
87 3 5 713 35 -4 -5
88 3 4 683 443 -6 6
89 3 1 629 563 2 4
90 3 6 557 263 -5 1
91 3 2 995 233 -3 -4
92 3 1 851 35 6 2
93 3 3 773 257 6 -5
94 3 3 659 71 6 -4
95 3 6 197 335 2 3
96 3 4 653 113 6 2
97 3 5 629 239 5 -6
98 3 6 377 287 -3 -2
99 3 3 869 239 3 3
100 3 2 479 383 -4 -5
101 3 5 947 863 4 5
102 3 2 137 113 1 3
103 3 4 119 347 -3 -4
104 3 1 869 413 -4 5
105 3 3 965 563 3 5
106 3 2 101 197 5 -2
107 3 6 707 935 2 -1
108 3 3 83 95 -3 4
109 3 5 983 947 4 -6
110 3 3 863 419 2 3
111 3 6 521 317 -3 1
112 3 6 965 773 -6 -1
113 3 5 149 35 -3 -4
114 3 1 875 533 -4 1
115 3 1 395 89 4 -3
116 3 1 911 365 6 6
117 3 5 575 695 4 3
118 3 3 689 65 5 -4
119 3 5 179 953 -5 1
120 3 1 491 515 5 -1
121 3 6 59 473 2 3
122 3 2 185 431 1 5
123 3 2 647 881 -3 4
124 3 4 791 629 -6 -6
125 3 6 179 341 -6 -2
126 3 2 623 131 -1 2
127 3 3 881 869 -6 2
128 3 5 11 275 -3 -4
129 3 3 875 977 -4 3
130 3 1 401 947 -1 -5
131 3 4 755 629 -6 -6
132 3 3 617 905 6 -4
133 3 1 263 803 -2 5
134 3 2 725 113 -1 6
135 3 4 239 365 4 6
136 3 3 887 119 1 -4
137 3 3 395 593 -5 3
138 3 2 353 779 4 -6
139 3 2 77 851 5 -6
140 3 2 749 947 4 -2
141 3 2 479 233 -3 -5
142 3 5 539 305 -6 -6
143 3 2 863 947 5 -4
144 3 1 47 359 -5 -5
145 3 4 155 803 1 -1
146 3 3 185 413 1 -2
147 3 2 347 125 -1 4
148 3 4 83 467 1 -4
149 3 5 533 305 3 -5
150 3 6 353 659 -3 4
151 3 6 851 215 -2 -4
152 3 3 239 659 -2 4
153 3 5 323 29 5 1
154 3 5 929 701 -6 -6
155 3 5 779 485 3 2
156 3 5 713 653 6 5
157 3 1 239 629 6 2
158 3 6 575 677 6 6
159 3 6 41 317 -3 6
160 3 2 593 743 -1 -3
161 3 2 755 923 -1 -4
162 3 2 587 341 1 -6
163 3 4 347 275 6 5
164 3 4 611 167 -5 -3
165 3 2 929 797 -1 -3
166 3 1 257 287 4 6
167 3 6 623 767 -1 3
168 3 1 185 227 2 2
169 3 2 965 587 1 -1
170 3 6 437 389 2 -3
171 3 4 11 917 4 -3
172 3 4 275 611 -4 -4
173 3 2 803 929 -5 3
174 3 5 335 941 5 -1
175 3 3 383 197 -3 4
176 3 4 863 551 -2 2
177 3 3 743 965 -3 2
178 3 6 215 23 2 1
179 3 6 197 659 -4 4
180 3 1 263 395 2 2
181 3 6 251 173 -6 -5
182 3 2 29 425 3 -4
183 3 5 131 845 -2 -3
184 3 5 821 545 1 1
185 3 6 281 305 6 -6
186 3 6 773 905 6 -5
187 3 4 857 707 5 6
188 3 5 83 161 4 3
189 3 2 689 461 -3 -1
190 3 6 911 71 -2 -2
191 3 6 851 509 3 5
192 3 1 821 995 2 -4
193 3 2 293 839 -2 1
194 3 2 911 947 6 5
195 3 3 545 893 3 3
196 3 5 449 143 -5 3
197 3 1 629 113 2 -1
198 3 3 737 803 2 -1
199 3 1 485 389 5 5
200 3 5 851 749 1 -4
201 3 5 287 197 2 2
202 3 6 917 767 1 3
203 3 1 185 881 -1 6
204 3 5 677 383 3 -6
205 3 2 215 365 -1 -5
206 3 1 695 821 1 3
207 3 5 407 131 3 4
208 3 4 239 83 4 3
209 3 1 773 635 4 2
210 3 5 341 299 2 4
211 3 3 863 809 -6 -1
212 3 4 65 653 2 -6
213 3 6 833 107 1 -5
214 3 5 995 593 3 -4
215 3 5 281 137 -5 -5
216 3 1 989 239 -5 3
217 3 4 383 359 -5 5
218 3 4 251 929 -3 -3
219 3 6 563 635 -3 3
220 3 3 857 173 2 -5
221 3 6 59 101 -3 -3
222 3 4 383 341 4 -2
223 3 3 329 323 3 -3
224 3 3 29 725 2 3
225 3 2 737 77 4 4
226 3 5 377 623 -2 4
227 3 6 311 635 -3 4
228 3 2 869 557 2 3
229 3 6 917 725 2 5
230 3 3 701 707 -4 -5
231 3 1 983 413 -2 6
232 3 3 623 983 -4 -6
233 3 3 113 707 -1 6
234 3 5 905 353 -1 -1
235 3 2 797 491 -4 -3
236 3 6 809 317 3 -6
237 3 1 869 977 -2 -1
238 3 3 437 803 4 -2
239 3 3 611 797 6 6
240 3 5 65 791 5 -5
241 3 3 239 575 -1 -2
242 3 6 203 221 -4 6
243 3 6 701 461 -3 1
244 3 1 131 491 -1 -1
245 3 3 791 77 1 6
246 3 5 551 179 -1 -1
247 3 5 995 107 -3 -5
248 3 1 803 965 3 -1
249 3 3 191 947 -6 -2
250 3 3 611 821 -3 -2
251 3 5 791 323 -6 2
252 3 6 59 149 -1 2
253 3 5 467 431 5 -3
254 3 1 935 557 -5 -5
255 3 2 215 377 1 -4
256 3 1 311 845 1 6
257 3 3 569 299 5 -6
258 3 5 731 215 -5 -1
259 3 4 293 23 2 -3
260 3 6 887 761 -2 -4
261 3 1 71 521 -2 -1
262 3 4 473 857 3 4
263 3 5 587 833 2 -2
264 3 2 407 617 -3 6
265 3 2 323 605 -4 6
266 3 4 371 551 -4 -2
267 3 6 53 449 1 6
268 3 3 515 515 5 -4
269 3 3 995 767 -4 1
270 3 3 251 71 5 -1
271 3 2 347 833 -4 -1
272 3 1 539 587 5 4
273 3 3 797 887 -4 4
274 3 3 941 413 -3 -5
275 3 4 137 779 -1 5
276 3 3 59 347 -5 -6
277 3 1 101 161 5 -5
278 3 6 905 137 -5 -3
279 3 3 521 47 -6 6
280 3 4 239 425 2 -5
281 3 3 911 443 5 -2
282 3 1 761 371 4 -3
283 3 2 827 23 -3 -1
284 3 2 935 959 -5 -6
285 3 3 845 521 -1 -2
286 3 3 89 953 1 5
287 3 6 527 209 3 6
288 3 1 953 689 3 -3
289 3 5 323 557 -6 3
290 3 1 911 389 -6 1
291 3 3 215 347 5 4
292 3 3 5 647 -6 -4
293 3 2 449 305 -1 2
294 3 6 431 995 -4 -5
295 3 1 473 851 4 2
296 3 1 761 749 4 -4
297 3 1 281 899 2 -4
298 3 6 659 353 -4 1
299 3 6 461 929 6 2
300 3 6 923 983 4 -1
301 3 6 995 791 4 6
302 3 3 227 275 1 3
303 3 3 311 239 1 3
304 3 4 371 317 -4 6
305 3 5 941 779 -4 -4
306 3 1 653 365 6 -6
307 3 3 101 401 -1 -2
308 3 2 437 137 -4 -1
309 3 5 635 653 4 1
310 3 5 335 623 -2 2
311 3 2 983 95 6 -1
312 3 4 329 377 4 -5
313 3 4 539 989 -2 3
314 3 6 209 203 2 3
315 3 2 575 497 -6 -4
316 3 1 287 203 -4 -6
317 3 1 467 899 2 -6
318 3 4 731 527 3 2
319 3 6 593 149 -5 3
320 3 2 119 569 -4 3
321 3 4 227 353 6 -1
322 3 5 725 293 6 2
323 3 6 353 317 3 -4
324 3 4 161 593 3 4
325 3 4 707 989 4 -6
326 3 3 671 821 6 -4
327 3 2 893 851 -1 2
328 3 3 533 755 4 -4
329 3 6 53 425 -5 -3
330 3 3 515 275 1 3
331 3 5 83 785 6 -5
332 3 2 263 551 1 -6
333 3 4 833 731 -2 1
334 3 3 797 155 5 -5
335 3 1 473 911 3 -4
336 3 2 263 815 5 1
337 3 1 755 479 -2 -1
338 3 2 839 887 1 6
339 3 5 833 35 -1 6
340 3 6 743 23 5 -2
341 3 6 881 887 4 4
342 3 1 143 953 -6 -6
343 3 2 23 455 2 4
344 3 4 29 389 -6 4
345 3 2 545 935 -1 -1
346 3 3 185 383 2 1
347 3 5 629 467 -3 -3
348 3 4 455 923 6 3
349 3 4 719 347 -4 -6
350 3 6 221 935 -3 -1
351 3 6 65 839 -4 -3
352 3 5 761 719 -1 -3
353 3 3 5 977 5 -6
354 3 3 29 299 -1 -3
355 3 5 29 317 1 6
356 3 2 725 365 -6 2
357 3 3 929 857 -5 2
358 3 3 929 749 -2 -1
359 3 6 335 125 -2 -3
360 3 4 563 155 1 3
361 3 3 239 29 2 -5
362 3 4 749 905 4 5
363 3 2 851 545 1 -5
364 3 5 473 155 1 -5
365 3 6 185 911 -2 -1
366 3 3 503 647 6 5
367 3 4 443 569 6 2
368 3 5 119 995 4 3
369 3 4 125 869 6 1
370 3 2 659 401 6 4
371 3 1 815 821 -5 2
372 3 1 101 59 -3 -5
373 3 1 125 401 -3 4
374 3 3 611 647 2 -1
375 3 6 917 221 -1 4
376 3 6 401 101 2 -5
377 3 4 41 935 4 -3
378 3 4 923 593 -4 -4
379 3 5 119 251 -5 2
380 3 3 275 53 -3 2
381 3 3 941 221 -4 -4
382 3 5 593 971 3 4
383 3 6 605 827 -6 -5
384 3 2 221 701 3 5
385 3 1 965 905 6 -1
386 3 3 821 683 -4 -1
387 3 3 245 41 5 -3
388 3 1 425 827 -2 -5
389 3 5 173 539 2 -3
390 3 3 221 917 2 6
391 3 4 299 317 -5 -3
392 3 4 953 581 5 -2
393 3 3 317 371 -2 -2
394 3 3 155 257 6 4
395 3 3 701 377 -3 1
396 3 2 479 623 1 1
397 3 6 755 767 -6 -5
398 3 1 671 473 -4 -4
399 3 5 215 539 4 -5
400 3 1 749 479 6 3
401 3 4 719 581 2 -2
402 3 4 665 617 6 1
403 3 4 383 47 -2 -2
404 3 5 731 365 -4 2
405 3 5 365 719 3 -3
406 3 6 227 509 -2 -2
407 3 2 617 461 3 4
408 3 1 467 875 1 -5
409 3 5 713 281 -6 -3
410 3 4 611 413 1 -3
411 3 2 89 965 -6 3
412 3 6 479 719 -1 2
413 3 6 647 113 2 3
414 3 6 83 671 -6 -4
415 3 5 71 527 1 6
416 3 5 521 503 -4 -5
417 3 6 935 407 4 5
418 3 6 917 929 -2 2
419 3 4 803 161 -3 -4
420 3 4 899 731 -4 6
421 3 5 935 707 -3 4
422 3 5 725 473 2 -4
423 3 5 89 479 -1 -5
424 3 4 125 905 -3 -6
425 3 3 257 899 -6 4
426 3 1 143 407 -1 -2
427 3 6 905 71 2 -1
428 3 5 629 977 -5 -1
429 3 6 623 809 -1 4
430 3 3 521 569 3 1
431 3 6 797 173 -2 5
432 3 4 449 857 3 -3
433 3 6 563 797 1 -5
434 3 6 251 5 -5 3
435 3 4 407 683 1 -5
436 3 1 287 269 2 -6
437 3 5 419 395 2 6
438 3 3 161 473 -1 -3
439 3 5 467 695 -6 4
440 3 6 791 113 -6 -6
441 3 1 431 389 -1 -4
442 3 1 971 635 4 6
443 3 5 539 281 2 -5
444 3 3 47 755 -5 1
445 3 1 125 851 -5 -4
446 3 5 599 413 1 -5
447 3 2 833 215 4 6
448 3 1 461 407 -2 4
449 3 4 263 569 -4 1
450 3 2 359 779 -5 -4
451 3 2 365 899 -5 1
452 3 5 803 185 -5 -5
453 3 1 329 515 -3 4
454 3 5 437 545 6 1
455 3 6 545 107 -3 2
456 3 4 557 581 3 1
457 3 1 545 983 -6 -5
458 3 5 935 893 -3 3
459 3 3 635 437 2 6
460 3 4 941 521 1 -4
461 3 6 857 467 -5 6
462 3 3 311 605 -2 -2
463 3 4 767 59 1 6
464 3 4 845 389 -5 2
465 3 1 419 995 4 -4
466 3 5 743 293 -3 -6
467 3 2 269 47 -6 1
468 3 5 533 497 5 5
469 3 5 635 287 5 -1
470 3 3 923 251 4 2
471 3 5 635 341 6 1
472 3 6 689 533 2 2
473 3 6 905 677 -3 -1
474 3 4 785 485 3 5
475 3 2 413 41 5 5
476 3 5 233 65 -6 4
477 3 3 23 593 5 1
478 3 2 941 245 6 -4
479 3 4 659 209 -5 -4
480 3 3 659 509 -3 -5
481 3 2 503 5 3 3
482 3 2 209 545 3 6
483 3 2 593 5 -6 -6
484 3 5 881 239 -2 5
485 3 6 677 683 1 5
486 3 3 617 977 -1 4
487 3 6 269 281 6 5
488 3 4 503 905 -2 -4
489 3 6 383 611 -4 4
490 3 1 41 923 -3 -5
491 3 5 689 59 1 -1
492 3 6 341 551 -5 -2
493 3 1 773 959 -2 -4
494 3 2 173 917 -2 3
495 3 3 869 773 -1 6
496 3 3 449 815 -1 -3
497 3 4 569 695 3 3
498 3 2 191 191 3 4
499 3 6 911 455 4 -6
500 3 4 719 83 4 4
501 3 4 905 95 3 1
502 3 5 419 161 6 6
503 3 5 89 245 2 5
504 3 2 383 401 1 3
505 3 2 953 371 -3 5
506 3 4 599 437 3 3
507 3 4 677 935 4 -6
508 3 6 119 89 -4 -3
509 3 6 683 833 2 -4
510 3 4 677 647 -3 -6
511 3 5 449 701 -5 2
512 3 5 191 413 -1 -3
513 3 1 11 869 2 6
514 3 5 143 203 6 -3
515 3 1 935 383 5 -5
516 3 5 701 125 5 5
517 3 5 383 629 2 -3
518 3 4 545 371 6 1
519 3 2 533 101 -4 3
520 3 1 125 233 1 -2
521 3 6 35 875 1 3
522 3 3 875 11 5 5
523 3 5 83 935 -1 3
524 3 1 347 851 3 4
525 3 5 41 761 1 -1
526 3 4 329 83 -6 6
527 3 2 77 509 -6 6
528 3 6 833 683 2 5
529 3 5 731 587 -6 -1
530 3 5 299 401 2 5
531 3 2 155 917 -3 3
532 3 2 755 233 -6 3
533 3 4 701 983 4 -5
534 3 1 755 869 4 5
535 3 1 917 935 -5 1
536 3 4 593 413 -2 6
537 3 5 851 347 -6 -3
538 3 6 407 197 3 4
539 3 1 59 401 1 4
540 3 4 863 707 3 -4
541 3 4 155 653 3 2
542 3 3 269 131 5 -6
543 3 4 101 173 4 5
544 3 1 215 749 2 6
545 3 2 365 365 -3 5
546 3 2 95 161 -2 -6
547 3 3 629 569 -5 3
548 3 3 263 587 -3 1
549 3 1 269 95 6 1
550 3 6 113 965 -2 5
551 3 4 71 251 5 6
552 3 3 257 923 2 6
553 3 1 947 5 6 5
554 3 5 581 731 2 5
555 3 2 887 773 2 3
556 3 2 305 17 4 6
557 3 2 569 701 5 -3
558 3 5 989 647 -6 -2
559 3 3 605 269 3 -2
560 3 2 383 431 -4 5
561 3 4 401 743 6 -1
562 3 4 539 437 -5 1
563 3 1 905 11 1 -4
564 3 2 509 173 5 -2
565 3 3 557 65 5 2
566 3 6 413 815 5 -3
567 3 1 11 731 -5 -5
568 3 3 113 503 -6 -4
569 3 2 539 95 -6 -4
570 3 2 497 335 2 2
571 3 4 221 263 -4 6
572 3 2 245 599 4 -1
573 3 4 557 209 4 -2
574 3 1 653 905 1 3
575 3 6 245 809 5 4
576 3 1 977 131 5 -3
577 3 3 413 539 -2 -6
578 3 6 293 209 -2 4
579 3 3 935 545 -2 6
580 3 4 671 785 -6 5
581 3 4 809 395 -4 5
582 3 6 755 575 6 1
583 3 2 281 173 4 -5
584 3 4 65 89 -1 3
585 3 1 143 611 3 5
586 3 5 311 509 3 -3
587 3 1 683 683 6 -6
588 3 2 83 155 1 6
589 3 4 695 809 2 6
590 3 6 137 581 4 6
591 3 1 713 725 4 6
592 3 3 323 461 3 -4
593 3 4 503 611 -1 -4
594 3 2 191 23 -3 -3
595 3 3 35 317 -1 -2
596 3 4 785 491 -3 -3
597 3 3 125 593 -5 3
598 3 1 245 281 3 6
599 3 3 329 485 -2 -1
600 3 5 473 557 4 -4
601 3 2 917 893 4 3
602 3 1 851 455 -6 -3
603 3 1 107 173 -4 4
604 3 3 407 491 -6 1
605 3 4 635 509 6 -5
606 3 1 125 731 -2 4
607 3 1 605 845 -2 1
608 3 4 905 323 -3 3
609 3 1 383 137 -2 1
610 3 2 485 647 -4 -2
611 3 2 23 47 6 -4
612 3 2 575 437 5 1
613 3 4 107 167 6 2
614 3 1 383 407 -2 2
615 3 1 209 659 -2 -3
616 3 1 515 809 -1 -1
617 3 5 821 341 -4 -4
618 3 6 335 497 -3 5
619 3 1 899 899 5 -2
620 3 1 269 647 -5 -3
621 3 6 323 437 -3 2
622 3 1 701 989 -5 3
623 3 1 311 443 -6 4
624 3 1 389 851 2 1
625 3 2 941 5 -6 -4
626 3 1 329 443 3 -1
627 3 5 359 473 -1 3
628 3 5 335 371 -3 3
629 3 4 239 395 -2 -6
630 3 2 905 407 3 -3
631 3 3 17 149 -1 6
632 3 3 29 467 5 6
633 3 2 167 791 -6 3
634 3 4 569 377 -1 -6
635 3 5 719 455 -4 -1
636 3 5 959 431 3 5
637 3 1 233 311 6 -1
638 3 2 419 677 -2 -5
639 3 1 737 935 1 -5
640 3 3 695 293 3 -3
641 3 6 893 587 -5 -2
642 3 6 893 611 -4 4
643 3 4 41 95 -3 4
644 3 3 257 149 1 -3
645 3 5 473 101 1 6
646 3 2 155 125 5 -4
647 3 2 809 47 5 -2
648 3 5 635 65 3 2
649 3 5 887 131 3 3
650 3 6 425 695 2 5
651 3 5 947 671 5 -3
652 3 3 17 611 -6 2
653 3 4 359 761 -3 3
654 3 1 581 923 -3 3
655 3 4 515 467 -1 2
656 3 4 815 803 6 5
657 3 5 443 77 6 -1
658 3 5 59 191 -5 -4
659 3 4 797 383 -5 1
660 3 4 707 455 -2 -5
661 3 2 407 89 -2 -4
662 3 5 335 653 -6 2
663 3 1 797 77 -3 -3
664 3 4 89 839 -5 2
665 3 5 35 569 6 -6
666 3 5 143 695 -2 -3
667 3 4 893 683 6 1
668 3 2 311 317 5 -6
669 3 4 329 125 4 3
670 3 1 35 209 3 6
671 3 5 17 845 4 5
672 3 4 731 395 3 6
673 3 6 389 713 -6 5
674 3 2 731 515 -5 -4
675 3 1 875 137 -6 6
676 3 3 425 491 2 -3
677 3 5 455 641 3 6
678 3 4 605 749 -5 -4
679 3 5 593 11 -5 -5
680 3 5 539 113 -1 -4
681 3 5 785 635 6 -5
682 3 6 257 17 1 4
683 3 1 269 335 -2 2
684 3 1 923 599 4 1
685 3 2 251 209 1 4
686 3 1 455 719 2 -4
687 3 2 809 293 -1 1
688 3 1 389 611 -2 6
689 3 5 725 899 5 -5
690 3 1 113 89 -2 3
691 3 4 893 245 -6 -6
692 3 3 245 593 -3 -5
693 3 4 59 947 -6 -3
694 3 6 257 167 -5 5
695 3 6 989 743 -4 6
696 3 4 431 317 -5 -6
697 3 5 497 635 2 2
698 3 6 995 995 3 -2
699 3 4 47 599 -1 5
700 3 4 329 89 -2 -5
701 3 2 569 773 -6 -3
702 3 5 257 425 6 -5
703 3 1 545 671 6 -1
704 3 2 329 719 -4 -3
705 3 1 863 293 4 4
706 3 3 419 893 -4 -6
707 3 2 203 353 5 5
708 3 2 713 119 -4 4
709 3 6 275 635 -2 6
710 3 3 131 149 5 1
711 3 3 305 929 4 3
712 3 6 497 29 -5 -6
713 3 6 461 335 5 -3
714 3 4 773 899 4 4
715 3 6 653 335 1 -4
716 3 1 815 719 3 -2
717 3 3 923 485 -2 5
718 3 4 293 887 -5 -4
719 3 6 29 305 3 5
720 3 3 485 893 -4 -4
721 3 3 503 131 1 5
722 3 2 407 899 5 -3
723 3 6 797 851 -2 1
724 3 3 461 17 -4 6
725 3 1 167 737 -2 2
726 3 1 779 29 3 4
727 3 1 539 509 -1 6
728 3 5 641 341 2 6
729 3 6 659 779 -6 1
730 3 3 365 821 -3 -6
731 3 1 869 89 -3 -5
732 3 2 875 773 1 -1
733 3 6 65 689 -4 -2
734 3 3 611 557 -6 2
735 3 4 275 995 5 6
736 3 5 227 827 -6 4
737 3 6 437 263 -3 6
738 3 1 173 263 -4 3
739 3 6 23 767 -6 1
740 3 2 659 977 6 -6
741 3 5 665 737 4 5
742 3 3 509 479 -3 -5
743 3 5 905 197 1 -5
744 3 3 641 581 5 2
745 3 4 437 761 4 5
746 3 5 863 107 -5 1
747 3 4 233 299 4 -1
748 3 5 527 257 4 -1
749 3 1 203 185 2 3
750 3 6 407 371 2 -4
751 3 6 521 239 -1 -4
752 3 2 827 533 -6 6
753 3 2 965 77 -1 6
754 3 2 845 293 -3 -5
755 3 2 935 671 -5 -3
756 3 5 503 329 3 -4
757 3 6 515 113 5 -5
758 3 4 83 929 -6 3
759 3 1 929 503 5 6
760 3 1 185 395 1 -5
761 3 5 809 155 -2 2
762 3 5 35 527 -4 -4
763 3 4 83 557 -1 4
764 3 6 959 779 3 4
765 3 3 809 575 6 4
766 3 1 719 809 -3 3
767 3 6 383 869 6 -6
768 3 6 149 863 -1 -6
769 3 3 809 473 4 -2
770 3 5 443 785 2 -2
771 3 4 611 875 -2 2
772 3 4 245 791 2 5
773 3 5 137 737 -3 6
774 3 1 41 479 2 -3
775 3 6 719 167 4 2
776 3 5 581 995 -2 5
777 3 3 113 449 -3 -4
778 3 5 125 965 -3 -2
779 3 2 821 125 1 4
780 3 4 341 683 -6 3
781 3 5 503 857 1 -2
782 3 5 635 89 -3 2
783 3 6 59 125 3 -4
784 3 3 287 929 2 -6
785 3 6 149 509 -5 -4
786 3 4 215 569 -2 4
787 3 1 155 191 5 -6
788 3 4 419 881 5 -4
789 3 5 857 161 3 -2
790 3 6 377 497 -5 6
791 3 4 989 11 3 -6
792 3 3 305 815 6 -3
793 3 4 209 677 3 -2
794 3 1 245 605 -1 -6
795 3 2 287 305 1 -5
796 3 1 425 35 3 6
797 3 2 479 821 -1 -5
798 3 1 653 239 3 -5
799 3 6 407 35 -6 3
800 3 6 401 815 5 4
801 3 4 533 251 3 5
802 3 5 929 113 -6 -4
803 3 2 551 53 3 -3
804 3 1 161 695 4 -2
805 3 4 203 101 -3 5
806 3 1 881 899 3 5
807 3 3 401 353 -4 -4
808 3 2 923 467 -6 -5
809 3 5 761 101 3 2
810 3 5 851 143 5 -3
811 3 6 911 473 4 2
812 3 6 917 47 -5 1
813 3 2 791 737 -3 3
814 3 3 203 131 5 -6
815 3 2 215 215 1 -5
816 3 6 851 731 -4 4
817 3 1 395 59 3 3
818 3 4 563 581 -6 3
819 3 6 311 257 6 -2
820 3 4 869 125 1 -3
821 3 6 329 353 -4 -5
822 3 3 761 227 4 -5
823 3 2 629 287 5 4
824 3 6 485 281 -2 4
825 3 3 815 29 3 3
826 3 1 65 191 2 -6
827 3 1 287 551 -4 6
828 3 3 605 521 1 -2
829 3 4 209 419 -5 -2
830 3 2 857 593 4 -5
831 3 5 533 773 -5 -3
832 3 4 881 923 3 4
833 3 3 227 443 -2 -1
834 3 1 89 413 -2 3
835 3 1 629 29 -2 1
836 3 6 395 833 6 3
837 3 6 179 5 -6 -6
838 3 5 155 281 -1 -5
839 3 6 419 569 -1 -6
840 3 1 713 233 4 -2
841 3 4 227 821 4 3
842 3 5 413 935 -4 -1
843 3 6 449 833 1 -2
844 3 3 959 875 -3 6
845 3 3 257 545 -1 -6
846 3 2 155 953 -4 4
847 3 6 515 233 6 -5
848 3 5 89 533 3 -5
849 3 5 605 389 6 2
850 3 3 743 185 -6 -5
851 3 3 809 881 6 -5
852 3 1 113 839 -4 -5
853 3 4 959 443 -3 1
854 3 3 893 533 -4 5
855 3 4 389 893 -1 -2
856 3 6 713 11 1 5
857 3 4 539 137 -3 -1
858 3 2 659 341 -6 -1
859 3 4 719 965 1 -6
860 3 6 569 323 -1 5
861 3 3 137 503 2 5
862 3 3 899 245 -4 4
863 3 4 425 227 2 5
864 3 6 539 809 2 -4
865 3 4 497 671 2 -4
866 3 2 455 671 -2 -6
867 3 6 953 533 -1 4
868 3 6 353 275 6 5
869 3 4 503 449 -3 3
870 3 3 881 227 5 -5
871 3 5 59 719 -4 3
872 3 1 215 395 -2 4
873 3 3 509 923 -4 -6
874 3 2 47 227 -1 6
875 3 6 827 845 -4 4
876 3 6 245 533 6 -2
877 3 5 947 245 -6 5
878 3 3 659 467 -4 2
879 3 5 329 899 -5 -5
880 3 3 809 545 -5 -6
881 3 3 935 917 2 4
882 3 3 113 767 -2 -5
883 3 3 983 629 -4 3
884 3 2 797 263 5 2
885 3 6 83 461 5 6
886 3 6 485 161 -3 4
887 3 1 155 779 -5 -6
888 3 6 509 281 1 4
889 3 4 701 257 6 -3
890 3 3 467 707 -3 -5
891 3 5 257 569 -1 -6
892 3 4 629 653 2 -4
893 3 3 443 281 1 -5
894 3 3 761 815 5 -6
895 3 4 353 191 -2 6
896 3 6 293 953 -4 -1
897 3 4 563 431 -5 -6
898 3 1 497 65 -3 -1
899 3 1 329 605 6 -6
900 3 3 41 191 6 2
901 3 3 611 815 -3 -5
902 3 6 731 161 -3 1
903 3 2 203 11 5 6
904 3 2 773 425 5 -6
905 3 4 341 767 6 6
906 3 1 437 449 5 3
907 3 6 233 785 2 -2
908 3 4 341 737 6 -3
909 3 6 263 647 4 1
910 3 5 191 665 1 -2
911 3 3 95 893 -3 1
912 3 2 587 83 1 3
913 3 2 449 497 -2 -2
914 3 3 311 677 -6 -6
915 3 2 671 239 -4 -1
916 3 4 83 833 -2 6
917 3 5 497 839 -6 -2
918 3 3 851 419 -4 -1
919 3 1 791 641 -3 2
920 3 2 917 533 -2 -2
921 3 1 803 11 4 1
922 3 6 659 653 6 3
923 3 4 311 311 -4 -6
924 3 6 329 245 3 -3
925 3 6 443 431 -5 3
926 3 2 647 287 4 -5
927 3 2 329 845 -3 5
928 3 4 965 917 2 3
929 3 6 617 719 -3 3
930 3 1 509 299 -4 4
931 3 3 449 383 -3 1
932 3 1 947 401 6 -3
933 3 3 587 437 4 -1
934 3 4 287 239 -5 1
935 3 2 677 23 -5 -6
936 3 4 17 971 -1 2
937 3 5 317 455 -6 -6
938 3 1 113 275 -4 -4
939 3 6 449 953 -2 -6
940 3 1 341 965 6 5
941 3 3 935 953 -4 4
942 3 2 191 623 4 -1
943 3 6 803 713 6 -5
944 3 4 725 659 6 5
945 3 5 683 347 4 6
946 3 1 113 635 -3 2
947 3 1 149 377 -1 -6
948 3 1 647 605 -6 -5
949 3 3 533 629 -4 6
950 3 4 377 95 2 2
951 3 1 701 833 5 2
952 3 2 665 605 6 3
953 3 2 137 617 3 -3
954 3 5 455 101 1 -1
955 3 6 587 845 3 -3
956 3 2 233 227 -6 -4
957 3 5 293 233 1 -5
958 3 4 881 287 -6 -3
959 3 1 575 233 -4 -1
960 3 4 917 833 6 6
961 3 3 989 233 -5 2
962 3 2 173 443 -2 5
963 3 4 47 329 -4 -6
964 3 1 83 65 -6 -3
965 3 6 887 893 -6 -4
966 3 6 263 329 -1 2
967 3 5 47 479 -6 -5
968 3 1 803 527 2 -3
969 3 4 173 989 -2 5
970 3 4 419 167 2 2
971 3 5 335 431 -5 1
972 3 3 683 821 -6 -5
973 3 3 473 275 -2 -4
974 3 1 893 89 4 2
975 3 2 353 845 -6 -1
976 3 2 647 869 5 5
977 3 4 35 995 2 4
978 3 5 551 161 3 6
979 3 5 653 725 5 2
980 3 4 203 425 -4 4
981 3 2 527 341 6 6
982 3 1 83 473 -1 2
983 3 6 815 929 3 -5
984 3 5 491 305 -3 1
985 3 5 941 713 2 1
986 3 5 185 473 -1 5
987 3 5 335 137 -2 -2
988 3 2 17 131 2 -6
989 3 5 893 167 6 1
990 3 5 407 707 -4 5
991 3 4 899 263 2 -3
992 3 3 917 905 -3 -6
993 3 2 989 887 -3 1
994 3 2 497 953 -3 -5
995 3 6 629 155 -5 -2
996 3 5 635 323 4 4
997 3 4 161 191 1 -1
998 3 6 95 425 -3 2
999 3 5 815 971 2 -2
1000 3 6 155 689 -1 -3
1001 3 2 275 929 3 -2
1002 3 2 371 263 2 3
1003 3 1 185 779 -5 6
1004 3 1 665 977 -4 -5
1005 3 4 803 533 -5 -6
1006 3 5 209 17 6 -4
1007 3 3 803 479 2 3
1008 3 1 35 863 3 6
1009 3 5 851 629 5 6
1010 3 1 35 71 -4 -6
1011 3 5 665 263 -4 -6
1012 3 3 239 989 2 -5
1013 3 2 461 743 6 1
1014 3 3 917 41 -1 -3
1015 3 2 797 347 1 2
1016 3 3 311 863 -2 -5
1017 3 6 239 383 3 1
1018 3 4 533 917 2 4
1019 3 3 677 857 2 1
1020 3 1 719 689 5 5
1021 3 4 89 803 4 -5
1022 3 6 755 665 2 -2
1023 3 6 257 887 6 -3
1024 3 6 401 239 -6 2
1025 3 4 251 509 2 3
1026 3 1 617 779 -4 2
1027 3 6 773 179 -2 -2
1028 3 6 41 125 5 6
1029 3 2 251 761 6 4
1030 3 3 833 539 -4 4
1031 3 2 155 719 1 -5
1032 3 1 41 53 3 -6
1033 3 1 869 863 3 -4
1034 3 3 755 323 -5 3
1035 3 1 587 323 4 -6
1036 3 4 611 737 5 5
1037 3 2 623 575 -1 2
1038 3 6 317 473 5 4
1039 3 2 617 773 -6 4
1040 3 1 941 845 4 4
1041 3 6 929 563 2 -2
1042 3 5 635 959 3 -2
1043 3 3 803 863 4 -5
1044 3 2 503 623 5 -2
1045 3 5 119 737 4 -2
1046 3 6 623 29 1 3
1047 3 2 821 869 3 -3
1048 3 5 677 329 -1 -3
1049 3 2 377 803 5 2
1050 3 2 431 497 1 4
1051 3 1 329 179 2 5
1052 3 1 683 257 -5 -2
1053 3 5 629 65 -1 -6
1054 3 1 917 413 4 -4
1055 3 6 497 71 -3 4
1056 3 2 83 971 -4 3
1057 3 3 749 713 -1 -5
1058 3 3 299 659 5 5
1059 3 6 257 653 4 5
1060 3 2 827 875 5 -6
1061 3 4 887 869 -5 4
1062 3 6 479 785 -5 6
1063 3 1 95 353 -5 -5
1064 3 3 17 503 -5 -4
1065 3 1 365 185 -1 -6
1066 3 2 365 377 1 4
1067 3 4 119 593 3 -3
1068 3 4 203 497 -4 -3
1069 3 2 29 827 1 5
1070 3 6 227 413 5 1
1071 3 5 491 905 2 -5
1072 3 2 719 53 -1 -4
1073 3 2 533 815 4 6
1074 3 3 83 329 2 -4
1075 3 3 215 641 -6 3
1076 3 5 635 41 -2 5
1077 3 3 749 821 -5 1
1078 3 2 125 305 5 5
1079 3 6 251 335 -3 1
1080 3 1 323 593 -3 -1
1081 3 5 227 731 1 -5
1082 3 3 437 923 5 -1
1083 3 4 143 53 1 -1
1084 3 3 287 923 2 1
1085 3 5 683 635 6 -6
1086 3 6 593 767 4 -1
1087 3 6 989 269 2 3
1088 3 4 809 713 -1 -2
1089 3 5 137 863 -2 -2
1090 3 5 269 419 -3 -1
1091 3 5 671 41 -5 -6
1092 3 4 23 275 3 3
1093 3 6 185 593 -2 1
1094 3 5 935 935 4 3
1095 3 6 785 737 6 4
1096 3 1 995 725 5 5
1097 3 3 413 965 3 1
1098 3 4 839 761 -5 -3
1099 3 1 773 209 -6 2
1100 3 5 623 899 -2 6
1101 3 1 533 197 3 4
1102 3 1 653 41 -1 -2
1103 3 1 833 713 -4 6
1104 3 1 755 425 3 -2
1105 3 4 635 257 2 -2
1106 3 2 467 35 5 1
1107 3 2 275 251 4 4
1108 3 1 305 497 2 -5
1109 3 1 599 353 -6 4
1110 3 6 629 845 -1 4
1111 3 2 107 203 6 2
1112 3 2 689 401 -3 -1
1113 3 4 395 455 4 5
1114 3 4 965 137 1 -5
1115 3 5 491 473 -6 -1
1116 3 2 977 845 -6 3
1117 3 1 665 191 -3 2
1118 3 3 773 695 -1 4
1119 3 2 329 47 -4 -4
1120 3 2 461 845 -2 -3
1121 3 6 137 545 1 -6
1122 3 3 707 569 4 5
1123 3 2 77 497 -2 3
1124 3 3 839 365 4 1
1125 3 3 977 491 -4 -1
1126 3 5 869 473 -3 -1
1127 3 5 587 935 2 -6
1128 3 4 419 659 4 1
1129 3 2 983 419 6 -3
1130 3 4 449 527 -3 3
1131 3 6 425 77 3 6
1132 3 2 815 239 -4 -6
1133 3 3 497 881 -5 -2
1134 3 3 221 773 -6 -4
1135 3 3 935 335 -5 6
1136 3 1 77 533 -6 3
1137 3 5 167 719 -4 3
1138 3 3 551 17 5 -5
1139 3 1 779 173 -2 5
1140 3 4 815 431 4 -4
1141 3 3 515 131 3 1
1142 3 1 785 125 -4 5
1143 3 5 641 359 -1 6
1144 3 5 443 683 -1 -3
1145 3 4 479 671 -6 1
1146 3 6 719 755 2 4
1147 3 2 677 845 -1 -3
1148 3 4 521 461 1 -6
1149 3 5 821 839 -5 2
1150 3 1 965 203 -5 -2
1151 3 2 227 89 6 6
1152 3 1 755 263 -2 5
1153 3 3 245 923 6 -5
1154 3 3 329 569 4 4
1155 3 2 215 773 -5 4
1156 3 6 191 893 -3 5
1157 3 2 89 503 2 3
1158 3 6 539 299 -5 5
1159 3 4 209 737 2 -5
1160 3 2 311 851 -3 6
1161 3 2 299 929 5 -4
1162 3 4 815 839 -5 3
1163 3 4 551 575 -2 -4
1164 3 4 887 143 -3 4
1165 3 3 917 581 -5 -3
1166 3 5 593 113 -4 -3
1167 3 4 803 353 -4 4
1168 3 3 113 689 -1 -5
1169 3 3 749 467 -3 2
1170 3 4 905 827 2 1
1171 3 2 95 767 -4 1
1172 3 3 143 797 -6 -6
1173 3 3 95 587 1 6
1174 3 6 203 695 -3 1
1175 3 3 425 287 -5 5
1176 3 5 731 497 -3 6
1177 3 3 491 527 -1 -5
1178 3 2 683 539 5 6
1179 3 5 383 317 -4 -4
1180 3 4 311 401 4 1
1181 3 4 899 599 -1 6
1182 3 4 605 305 2 6
1183 3 3 455 437 3 -6
1184 3 2 173 701 5 -1
1185 3 3 593 185 4 5
1186 3 3 773 869 -2 6
1187 3 2 335 773 -2 4
1188 3 2 923 401 -6 3
1189 3 5 389 755 5 -2
1190 3 2 983 623 5 2
1191 3 1 515 689 -2 -5
1192 3 4 683 203 4 4
1193 3 4 773 125 -4 -3
1194 3 5 59 767 -6 6
1195 3 4 71 533 -1 -2
1196 3 4 485 359 4 4
1197 3 5 509 329 1 6
1198 3 1 95 575 -4 -1
1199 3 2 11 803 6 2
1200 3 5 59 677 1 -6
1201 3 2 605 947 -3 2
1202 3 4 665 467 6 -6
1203 3 3 497 899 1 -6
1204 3 3 947 947 6 5
1205 3 1 671 827 -3 -2
1206 3 1 29 893 -5 5
1207 3 4 557 293 3 3
1208 3 4 287 959 -3 -6
1209 3 3 875 287 -1 -1
1210 3 5 731 563 -1 -2
1211 3 6 593 827 6 -4
1212 3 4 431 737 4 6
1213 3 5 749 377 -5 3
1214 3 6 371 431 -3 3
1215 3 4 137 233 1 -4
1216 3 6 371 443 -4 -4
1217 3 1 695 395 3 1
1218 3 4 101 221 -1 5
1219 3 2 119 419 -4 3
1220 3 2 989 527 1 -6
1221 3 4 563 17 -2 6
1222 3 2 407 665 -6 6
1223 3 2 611 341 -5 -3
1224 3 5 503 497 6 -4
1225 3 1 221 857 1 -4
1226 3 1 401 899 3 -1
1227 3 4 839 671 5 -1
1228 3 6 5 299 -3 -2
1229 3 3 113 299 -1 2
1230 3 6 731 179 3 4
1231 3 6 893 419 -3 4
1232 3 6 689 239 2 3
1233 3 4 899 233 5 4
1234 3 5 677 881 -1 -5
1235 3 2 65 347 2 2
1236 3 5 461 275 -2 6
1237 3 6 881 617 6 -4
1238 3 2 431 581 1 -1
1239 3 3 77 971 1 1
1240 3 6 227 839 5 4
1241 3 4 545 725 6 4
1242 3 5 191 371 -3 5
1243 3 3 323 467 -4 6
1244 3 2 287 737 -4 5
1245 3 2 905 695 -1 4
1246 3 3 593 617 -3 5
1247 3 5 377 251 -2 5
1248 3 6 917 923 6 -6
1249 3 1 761 677 6 6
1250 3 5 965 233 3 -6
1251 3 1 401 35 -5 -1
1252 3 1 107 653 -2 1
1253 3 3 227 503 3 6
1254 3 2 557 41 6 1
1255 3 1 5 821 4 2
1256 3 4 167 431 1 4
1257 3 2 47 989 -4 5
1258 3 3 527 131 -3 -6
1259 3 1 911 257 1 -4
1260 3 6 833 629 6 -6
1261 3 5 701 5 -4 4
1262 3 5 395 377 1 1
1263 3 4 557 407 -6 -5
1264 3 2 593 821 -4 2
1265 3 3 143 17 1 -5
1266 3 3 311 461 1 2
1267 3 5 911 599 -3 1
1268 3 4 59 509 -2 -1
1269 3 2 461 593 -6 1
1270 3 3 869 389 2 6
1271 3 2 161 941 -3 6
1272 3 3 695 959 -2 -3
1273 3 5 131 695 -2 3
1274 3 3 611 767 4 1
1275 3 4 23 809 6 -3
1276 3 3 965 209 -6 -5
1277 3 4 593 923 3 -6
1278 3 2 983 761 -1 -6
1279 3 4 65 131 1 6
1280 3 2 647 797 2 -6
1281 3 3 833 989 3 5
1282 3 4 311 917 -2 -6
1283 3 3 671 275 6 2
1284 3 2 545 311 -1 -4
1285 3 5 545 143 -5 1
1286 3 5 641 521 -5 -6
1287 3 5 245 23 -2 -6
1288 3 2 689 497 1 -1
1289 3 1 95 935 2 -6
1290 3 4 731 125 5 -2
1291 3 2 197 707 1 -2
1292 3 4 599 623 -4 -6
1293 3 1 905 629 4 -1
1294 3 6 821 509 -5 4
1295 3 2 821 287 -4 -3
1296 3 2 239 791 -1 -1
1297 3 6 611 965 6 -6
1298 3 5 593 647 -6 -5
1299 3 1 437 107 4 -4
1300 3 3 539 65 -2 3
1301 3 6 785 725 -4 4
1302 3 2 737 809 -2 -1
1303 3 5 539 239 1 -5
1304 3 2 53 95 -4 3
1305 3 5 287 317 4 6
1306 3 1 143 725 1 -6
1307 3 2 605 815 -1 5
1308 3 3 905 383 -5 6
1309 3 5 977 623 5 4
1310 3 3 911 479 2 -1
1311 3 1 791 557 3 -2
1312 3 4 569 209 1 5
1313 3 4 731 275 6 -6
1314 3 6 473 167 -5 -6
1315 3 2 671 737 -6 6
1316 3 2 989 821 2 2
1317 3 2 269 845 -6 2
1318 3 5 479 269 5 3
1319 3 2 239 581 -3 3
1320 3 1 59 203 5 4
1321 3 5 245 851 -4 1
1322 3 6 389 623 -4 -4
1323 3 2 197 281 -4 1
1324 3 3 131 227 -1 5
1325 3 4 671 791 -4 5
1326 3 3 827 485 3 -1
1327 3 2 839 5 4 -6
1328 3 2 617 701 3 -6
1329 3 5 71 881 -6 -4
1330 3 3 203 683 -1 1
1331 3 4 689 83 2 6
1332 3 2 437 659 6 3
1333 3 3 887 827 -6 6
1334 3 2 365 131 2 1
1335 3 1 263 509 -1 6
1336 3 3 515 845 5 -3
1337 3 2 317 47 -4 -4
1338 3 5 689 773 -5 -3
1339 3 1 389 47 1 -1
1340 3 1 689 317 5 3
1341 3 3 287 623 1 1
1342 3 5 101 137 -5 5
1343 3 4 947 203 5 -4
1344 3 5 335 779 -1 -3
1345 3 1 167 707 -1 -5
1346 3 1 743 461 4 -4
1347 3 6 629 893 3 -1
1348 3 1 671 545 1 -2
1349 3 1 587 689 -4 -6
1350 3 5 233 275 -5 2
1351 3 5 719 713 -2 -6
1352 3 3 689 437 -4 5
1353 3 6 809 479 1 4
1354 3 6 287 323 -5 3
1355 3 3 107 449 -1 1
1356 3 1 557 161 -1 -1
1357 3 6 173 47 5 -3
1358 3 2 329 419 2 6
1359 3 4 251 455 -4 2
1360 3 6 755 179 -1 1
1361 3 6 95 53 4 3
1362 3 4 743 911 5 -1
1363 3 6 89 173 2 -2
1364 3 4 179 125 1 3
1365 3 3 95 563 -2 3
1366 3 4 293 203 -4 -5
1367 3 3 281 713 5 -5
1368 3 1 29 431 -6 4
1369 3 1 419 779 -2 -2
1370 3 5 749 419 -1 -5
1371 3 6 245 995 4 3
1372 3 4 731 881 -6 1
1373 3 1 155 467 4 2
1374 3 1 953 713 6 -2
1375 3 2 257 173 5 -1
1376 3 1 827 767 2 5
1377 3 2 809 803 -2 -5
1378 3 5 485 665 4 -2
1379 3 2 797 209 3 -3
1380 3 6 689 509 -4 -4
1381 3 6 743 281 4 3
1382 3 1 263 701 -3 5
1383 3 5 203 53 4 2
1384 3 6 119 935 -3 2
1385 3 4 125 689 1 3
1386 3 1 965 239 1 1
1387 3 4 221 887 1 -6
1388 3 1 881 479 4 4
1389 3 4 647 65 -1 2
1390 3 3 443 983 5 -4
1391 3 5 449 653 6 1
1392 3 2 599 17 2 -3
1393 3 5 299 995 2 -5
1394 3 3 395 725 -1 -4
1395 3 6 125 455 1 4
1396 3 6 971 659 -1 -2
1397 3 5 293 833 -1 -1
1398 3 3 971 857 -4 -2
1399 3 2 725 713 -1 -3
1400 3 1 77 311 -4 5
1401 3 1 563 395 5 3
1402 3 5 857 959 4 -4
1403 3 3 485 371 1 -3
1404 3 5 143 875 -4 6
1405 3 3 719 557 4 -1
1406 3 4 671 269 5 4
1407 3 2 827 491 3 -1
1408 3 5 353 77 4 6
1409 3 5 491 713 -5 -2
1410 3 3 473 623 6 -5
1411 3 5 407 101 -4 2
1412 3 3 971 437 4 1
1413 3 6 827 233 2 2
1414 3 2 869 401 1 2
1415 3 4 341 989 -5 2
1416 3 2 731 131 -2 -1
1417 3 3 377 101 6 3
1418 3 3 293 11 -6 1
1419 3 3 443 257 -6 -4
1420 3 6 161 365 3 -3
1421 3 3 665 53 2 3
1422 3 2 419 101 -1 4
1423 3 4 629 815 2 -4
1424 3 4 245 443 -5 3
1425 3 6 377 545 5 -2
1426 3 1 131 983 6 -3
1427 3 2 41 797 5 6
1428 3 1 179 455 -6 2
1429 3 5 965 455 -6 -2
1430 3 2 443 419 -4 -5
1431 3 5 785 23 4 -4
1432 3 2 299 437 6 5
1433 3 6 929 467 4 -6
1434 3 4 989 377 -4 2
1435 3 6 983 299 -1 -6
1436 3 2 413 497 5 -4
1437 3 3 233 761 -6 -5
1438 3 1 503 851 5 4
1439 3 2 785 935 -2 -3
1440 3 1 779 389 -1 1
1441 3 6 71 173 4 -4
1442 3 2 347 119 -6 1
1443 3 6 119 887 5 4
1444 3 3 689 197 -1 3
1445 3 4 509 863 4 1
1446 3 2 455 929 3 -5
1447 3 2 251 935 1 -2
1448 3 4 737 191 -3 5
1449 3 2 167 275 -5 -4
1450 3 4 155 347 -2 5
1451 3 3 467 743 -1 -5
1452 3 5 227 65 -2 4
1453 3 6 29 257 -6 1
1454 3 3 617 707 -5 1
1455 3 4 371 545 4 3
1456 3 6 71 479 -6 3
1457 3 5 533 335 -2 -5
1458 3 6 917 461 -2 3
1459 3 1 503 521 3 -2
1460 3 6 587 647 2 -6
1461 3 4 23 269 -3 -6
1462 3 4 335 107 -6 1
1463 3 5 395 419 -3 4
1464 3 3 593 203 4 -6
1465 3 2 497 701 -6 1
1466 3 2 41 791 6 2
1467 3 2 527 161 -6 -6
1468 3 5 377 527 -2 -4
1469 3 5 521 971 -4 -3
1470 3 1 773 989 3 -6
1471 3 6 683 713 -5 3
1472 3 3 929 161 5 -4
1473 3 4 389 479 -5 1
1474 3 4 173 467 6 -2
1475 3 3 875 743 -1 6
1476 3 6 773 629 6 6
1477 3 2 191 479 -6 -4
1478 3 3 251 245 5 6
1479 3 2 443 953 1 -3
1480 3 6 545 785 -5 4
1481 3 4 731 635 1 -1
1482 3 3 929 311 -3 6
1483 3 5 167 185 5 -2
1484 3 3 569 35 -5 5
1485 3 2 95 863 2 2
1486 3 5 629 119 4 5
1487 3 4 359 221 4 -2
1488 3 4 107 221 5 -2
1489 3 3 581 359 -4 5
1490 3 5 425 527 2 2
1491 3 3 17 47 4 6
1492 3 2 863 35 2 2
1493 3 5 491 563 1 -2
1494 3 5 689 767 5 2
1495 3 6 935 989 -3 -6
1496 3 3 821 809 1 -6
1497 3 1 161 275 1 -6
1498 3 4 905 539 -6 6
1499 3 6 899 413 3 -2
1500 3 5 881 263 -4 3
1501 3 4 929 335 -1 3
1502 3 3 347 353 2 2
1503 3 2 659 365 6 -1
1504 3 1 221 365 -5 -2
1505 3 6 803 917 3 5
1506 3 5 869 335 4 -4
1507 3 4 137 293 -2 -6
1508 3 6 623 935 -5 -3
1509 3 3 569 725 -1 -6
1510 3 1 845 503 5 -3
1511 3 2 311 449 -4 -6
1512 3 6 749 797 4 -4
1513 3 4 365 851 -5 -4
1514 3 5 305 689 -4 1
1515 3 5 65 731 -3 -3
1516 3 4 695 191 3 -1
1517 3 4 761 479 -3 -1
1518 3 1 881 149 5 -4
1519 3 6 515 569 -2 4
1520 3 5 575 515 5 -1
1521 3 5 53 575 -1 -1
1522 3 4 371 107 3 4
1523 3 2 443 869 -6 1
1524 3 2 635 857 4 -3
1525 3 5 389 491 4 1
1526 3 4 533 545 -6 1
1527 3 6 743 263 -4 5
1528 3 3 521 425 5 -5
1529 3 6 11 353 -3 2
1530 3 2 131 827 -3 5
1531 3 2 305 461 3 3
1532 3 2 761 887 -3 -3
1533 3 6 239 185 -4 -4
1534 3 2 983 335 2 6
1535 3 4 491 857 -4 -3
1536 3 5 71 953 -1 4
1537 3 5 143 593 -1 -5
1538 3 5 905 833 4 -6
1539 3 6 971 341 2 -6
1540 3 2 887 557 -6 1
1541 3 5 797 137 -5 -6
1542 3 4 161 239 6 -4
1543 3 1 257 629 -5 3
1544 3 1 983 77 -4 3
1545 3 1 833 551 -2 4
1546 3 3 359 977 -6 2
1547 3 6 359 371 1 -1
1548 3 1 707 659 6 4
1549 3 4 731 293 3 -1
1550 3 3 743 227 6 5
1551 3 4 137 17 -1 -5
1552 3 2 125 281 3 5
1553 3 5 41 905 -4 -4
1554 3 3 425 719 -2 2
1555 3 2 839 281 -4 -6
1556 3 4 479 497 -6 4
1557 3 2 947 17 5 1
1558 3 1 479 209 5 -5
1559 3 4 215 227 -2 1
1560 3 4 833 737 -5 4
1561 3 3 317 575 -3 1
1562 3 5 503 371 1 2
1563 3 1 293 623 1 2
1564 3 2 263 35 -3 5
1565 3 5 947 107 6 -4
1566 3 6 467 389 4 -4
1567 3 1 821 389 -1 -2
1568 3 4 503 245 -5 -6
1569 3 2 551 839 2 -2
1570 3 6 773 815 1 -3
1571 3 3 521 113 4 4
1572 3 6 851 449 -4 5
1573 3 4 383 179 2 6
1574 3 1 983 215 -3 -6
1575 3 6 593 89 5 2
1576 3 6 581 41 5 5
1577 3 1 953 209 -3 -2
1578 3 3 635 785 -5 6
1579 3 5 41 149 1 -6
1580 3 1 185 563 5 4
1581 3 5 371 965 2 -4
1582 3 6 5 665 1 4
1583 3 3 563 815 5 2
1584 3 3 29 713 5 2
1585 3 6 683 461 -1 2
1586 3 2 809 389 -1 -5
1587 3 3 587 455 4 1
1588 3 3 383 653 3 2
1589 3 2 617 209 -2 2
1590 3 5 971 197 -5 -2
1591 3 4 683 917 6 3
1592 3 3 419 131 1 -1
1593 3 4 143 677 -5 6
1594 3 1 329 791 -1 5
1595 3 2 803 359 -5 3
1596 3 4 149 467 3 1
1597 3 5 851 587 2 1
1598 3 2 479 545 2 2
1599 3 2 443 527 3 3
1600 3 5 977 275 -6 3
1601 3 5 71 269 -4 4
1602 3 3 413 479 4 -6
1603 3 6 89 557 5 5
1604 3 4 17 233 3 6
1605 3 2 401 779 -6 -1
1606 3 5 53 683 -4 -2
1607 3 5 617 257 3 -2
1608 3 3 11 791 -3 -4
1609 3 1 887 209 2 1
1610 3 5 983 983 -4 6
1611 3 1 317 209 5 -5
1612 3 6 833 935 -1 -2
1613 3 4 185 293 1 2
1614 3 2 83 695 -2 -6
1615 3 6 635 881 -5 3
1616 3 2 35 575 -6 -3
1617 3 2 305 149 1 1
1618 3 4 869 269 -3 4
1619 3 2 587 239 -6 -6
1620 3 3 587 875 -2 4
1621 3 3 539 773 3 -2
1622 3 3 653 197 -4 1
1623 3 1 623 671 -3 2
1624 3 5 929 905 1 -5
1625 3 1 407 497 -2 3
1626 3 4 845 359 -5 -6
1627 3 1 65 641 -4 -6
1628 3 6 659 287 -3 -2
1629 3 4 455 581 -1 -6
1630 3 6 47 515 -5 3
1631 3 6 389 995 6 -4
1632 3 2 41 677 4 6
1633 3 4 527 461 -3 -5
1634 3 5 617 953 6 3
1635 3 1 479 773 4 -3
1636 3 2 65 485 3 -1
1637 3 6 911 827 -1 6
1638 3 1 599 389 -5 -2
1639 3 2 971 539 -4 4
1640 3 2 5 59 -3 -6
1641 3 4 755 971 2 -1
1642 3 5 497 431 3 4
1643 3 2 815 935 4 1
1644 3 4 89 5 2 -4
1645 3 3 437 683 -1 1
1646 3 2 161 197 6 2
1647 3 1 839 425 5 -3
1648 3 4 875 671 6 -6
1649 3 1 653 911 -6 1
1650 3 3 677 125 -3 4
1651 3 6 749 413 6 3
1652 3 3 323 41 -4 5
1653 3 5 881 821 -6 3
1654 3 1 71 125 -4 -5
1655 3 3 41 779 -1 -1
1656 3 1 995 677 1 3
1657 3 3 335 575 -3 -1
1658 3 3 653 785 6 -3
1659 3 5 671 53 -6 6
1660 3 2 335 965 3 1
1661 3 3 179 11 -6 -3
1662 3 3 509 653 -1 1
1663 3 1 449 221 2 -3
1664 3 1 131 233 5 -3
1665 3 2 899 671 -1 -2
1666 3 1 839 455 -3 2
1667 3 2 665 677 -6 5
1668 3 1 605 731 -5 -4
1669 3 6 353 503 3 2
1670 3 6 437 203 1 3
1671 3 1 767 215 1 1
1672 3 6 227 185 2 -1
1673 3 6 971 53 6 -3
1674 3 6 407 539 -5 -1
1675 3 6 551 737 -2 1
1676 3 3 743 845 -3 -6
1677 3 1 221 851 2 -4
1678 3 1 221 953 -1 4
1679 3 2 995 923 -3 -5
1680 3 6 173 545 -5 -5
1681 3 3 695 893 -1 4
1682 3 3 845 719 5 6
1683 3 2 209 239 -3 1
1684 3 4 263 131 3 -6
1685 3 2 197 677 5 -2
1686 3 1 413 257 4 -5
1687 3 5 59 521 -2 -5
1688 3 5 827 881 -2 -4
1689 3 2 695 107 1 -5
1690 3 1 323 911 -3 -3
1691 3 3 233 647 -4 6
1692 3 2 17 623 -4 -6
1693 3 5 863 833 5 -3
1694 3 2 839 443 -3 5
1695 3 4 491 299 -5 -1
1696 3 6 329 743 -2 -5
1697 3 1 17 599 -4 2
1698 3 4 161 425 -3 -2
1699 3 4 923 497 -6 -5
1700 3 6 347 467 -6 -3
1701 3 3 671 971 6 -3
1702 3 5 413 707 -3 -4
1703 3 5 287 659 -5 -4
1704 3 2 473 959 -4 6
1705 3 3 707 299 -1 1
1706 3 5 611 623 3 -4
1707 3 3 179 17 -2 -6
1708 3 3 341 635 6 1
1709 3 3 335 149 4 -4
1710 3 5 281 869 3 3
1711 3 4 665 167 -6 -3
1712 3 6 989 791 -3 6
1713 3 5 935 809 -5 -1
1714 3 5 593 653 -5 -1
1715 3 1 881 599 1 -6
1716 3 1 371 17 -2 -1
1717 3 2 689 887 1 -6
1718 3 4 599 167 -6 3
1719 3 4 29 989 4 2
1720 3 5 683 407 -3 4
1721 3 6 275 953 -6 2
1722 3 4 713 803 -5 -6
1723 3 2 77 101 -1 2
1724 3 5 281 833 4 6
1725 3 1 761 53 -2 -2
1726 3 6 845 29 -4 -5
1727 3 6 779 47 -4 -1
1728 3 1 341 731 -2 5
1729 3 3 773 83 -1 1
1730 3 4 749 989 -1 -1
1731 3 3 371 683 1 -3
1732 3 2 593 671 -3 -4
1733 3 2 911 941 -1 3
1734 3 4 311 941 -3 1
1735 3 6 917 341 2 4
1736 3 4 593 65 4 -6
1737 3 1 557 17 6 -5
1738 3 3 83 143 6 -1
1739 3 2 95 827 -2 2
1740 3 4 449 827 1 3
1741 3 6 143 623 3 5
1742 3 4 395 95 2 -4
1743 3 1 665 395 -4 5
1744 3 4 173 101 2 -2
1745 3 5 221 383 4 1
1746 3 2 767 431 4 6
1747 3 2 863 101 -1 -4
1748 3 2 773 947 -2 -3
1749 3 3 755 359 5 -2
1750 3 5 965 359 -1 3
1751 3 5 479 863 -6 -6
1752 3 4 659 761 -3 -1
1753 3 2 191 77 -6 2
1754 3 6 959 407 -1 -6
1755 3 3 227 257 -4 -6
1756 3 3 737 317 5 3
1757 3 5 29 41 4 -2
1758 3 4 611 47 6 -1
1759 3 5 749 923 6 -3
1760 3 1 269 167 2 -2
1761 3 5 767 725 -5 -2
1762 3 3 143 983 -3 1
1763 3 3 905 887 4 -6
1764 3 3 215 635 -2 -6
1765 3 2 599 815 4 1
1766 3 3 617 287 -2 -5
1767 3 5 929 77 -6 -6
1768 3 1 695 17 -3 -2
1769 3 5 713 689 3 -6
1770 3 1 269 191 3 -3
1771 3 4 995 821 1 1
1772 3 6 545 479 -6 5
1773 3 3 707 713 6 -2
1774 3 2 155 353 -3 6
1775 3 6 41 899 1 -3
1776 3 4 551 59 -2 2
1777 3 1 581 389 -2 1
1778 3 2 821 641 2 5
1779 3 2 737 59 -5 6
1780 3 3 41 329 3 2
1781 3 6 35 635 6 2
1782 3 4 503 659 -5 -4
1783 3 5 359 215 3 3
1784 3 1 491 839 -1 -1
1785 3 6 659 323 1 -2
1786 3 2 287 815 -5 2
1787 3 4 905 875 -4 1
1788 3 4 497 533 -1 3
1789 3 6 77 545 4 -6
1790 3 2 779 359 2 6
1791 3 4 965 689 1 -4
1792 3 4 755 935 -3 -2
1793 3 5 845 335 -3 -6
1794 3 1 503 221 -6 -3
1795 3 5 875 155 3 -4
1796 3 2 59 533 6 -3
1797 3 5 275 83 1 3
1798 3 6 665 437 -5 3
1799 3 4 227 629 -4 -5
1800 3 2 233 989 1 5
1801 3 3 509 137 -2 5
1802 3 5 347 683 -6 -3
1803 3 1 17 449 -6 -1
1804 3 2 827 977 4 -4
1805 3 5 611 809 -2 5
1806 3 5 923 239 4 2
1807 3 6 851 227 -5 2
1808 3 3 581 23 -6 5
1809 3 2 335 407 -2 4
1810 3 2 731 869 2 3
1811 3 3 641 797 6 6
1812 3 2 911 527 -5 -3
1813 3 6 209 473 -1 -1
1814 3 2 575 41 6 2
1815 3 5 545 761 3 -1
1816 3 6 593 599 2 -4
1817 3 3 335 269 -5 -1
1818 3 4 929 401 2 1
1819 3 2 851 713 -5 -1
1820 3 6 947 143 -1 -3
1821 3 4 365 785 1 3
1822 3 2 395 29 6 -1
1823 3 6 635 71 -5 -3
1824 3 1 311 965 4 2
1825 3 1 203 629 -3 -4
1826 3 2 119 707 -2 -1
1827 3 6 611 983 2 -5
1828 3 3 137 161 4 -6
1829 3 3 449 197 -4 -1
1830 3 6 347 143 -2 -3
1831 3 4 353 899 4 6
1832 3 6 881 203 2 2
1833 3 4 809 617 1 2
1834 3 2 887 725 3 -6
1835 3 6 743 83 3 -2
1836 3 6 575 935 -3 -2
1837 3 3 521 641 -6 6
1838 3 2 353 611 1 2
1839 3 4 137 227 -1 -6
1840 3 3 737 869 -6 5
1841 3 1 131 503 5 -1
1842 3 6 125 143 -2 4
1843 3 4 857 347 3 -3
1844 3 2 395 371 -1 3
1845 3 4 95 749 1 5
1846 3 2 197 113 -3 -4
1847 3 4 569 371 3 -2
1848 3 3 89 401 -6 -5
1849 3 6 659 569 -2 4
1850 3 5 305 71 -5 1
1851 3 4 965 875 5 3
1852 3 6 131 311 -1 -3
1853 3 1 719 665 -3 -6
1854 3 3 707 851 -1 -2
1855 3 2 107 491 -5 2
1856 3 6 467 101 1 -6
1857 3 2 281 485 4 5
1858 3 6 407 455 4 -5
1859 3 3 803 305 -4 6
1860 3 3 827 473 2 -4
1861 3 6 287 209 -1 -6
1862 3 3 275 149 -5 5
1863 3 5 71 497 -1 2
1864 3 2 575 371 2 -1
1865 3 4 533 515 3 -2
1866 3 5 329 455 2 -5
1867 3 5 359 857 -1 1
1868 3 5 77 29 4 2
1869 3 3 191 863 3 6
1870 3 6 113 377 6 -1
1871 3 2 599 653 -1 5
1872 3 2 551 539 -4 4
1873 3 1 89 473 -5 1
1874 3 1 263 593 -5 -2
1875 3 5 83 479 -3 4
1876 3 3 329 683 4 -1
1877 3 6 143 665 -1 -5
1878 3 3 53 635 3 4
1879 3 6 725 137 4 -6
1880 3 2 215 941 2 4
1881 3 6 911 623 6 1
1882 3 4 587 887 -3 3
1883 3 4 101 731 -5 -1
1884 3 4 527 917 3 5
1885 3 1 203 521 5 -6
1886 3 4 791 677 4 2
1887 3 3 653 503 5 5
1888 3 2 449 71 4 -5
1889 3 1 233 449 -3 -3
1890 3 2 671 635 -4 4
1891 3 4 971 257 1 -5
1892 3 5 605 701 -3 -6
1893 3 2 803 659 2 -6
1894 3 4 299 863 2 4
1895 3 5 665 35 -5 -2
1896 3 1 911 515 -2 -5
1897 3 2 125 683 5 1
1898 3 5 743 761 -4 4
1899 3 4 515 59 3 -2
1900 3 1 605 107 -1 -6
1901 3 6 59 341 1 4
1902 3 2 41 167 -3 -4
1903 3 1 467 815 -1 1
1904 3 4 149 557 -2 -5
1905 3 2 485 245 -2 3
1906 3 6 485 563 -3 -5
1907 3 6 383 371 -4 -3
1908 3 4 989 125 -5 6
1909 3 2 167 497 -2 3
1910 3 2 863 767 4 6
1911 3 5 251 887 6 2
1912 3 3 311 761 4 3
1913 3 1 923 947 -6 -6
1914 3 6 197 719 -2 4
1915 3 4 965 845 4 1
1916 3 5 77 581 -5 5
1917 3 3 5 29 -3 4
1918 3 6 917 335 3 6
1919 3 3 395 623 1 5
1920 3 4 311 107 -5 5
1921 3 6 485 215 1 5
1922 3 6 47 59 6 5
1923 3 6 635 641 -3 3
1924 3 4 47 623 2 -5
1925 3 1 623 989 2 -6
1926 3 4 869 659 -2 5
1927 3 5 473 755 -6 2
1928 3 1 617 137 -3 3
1929 3 4 521 545 -2 -4
1930 3 1 863 887 6 3
1931 3 3 635 293 -5 -1
1932 3 5 989 701 4 2
1933 3 6 137 275 5 5
1934 3 1 839 323 2 -5
1935 3 1 827 959 4 -6
1936 3 4 803 671 4 3
1937 3 3 959 611 3 -3
1938 3 3 671 5 2 3
1939 3 5 647 167 -4 -6
1940 3 5 905 599 -3 -6
1941 3 4 527 773 -1 6
1942 3 1 35 53 1 4
1943 3 2 581 233 -5 -1
1944 3 3 203 737 -3 -6
1945 3 2 107 839 -5 1
1946 3 1 983 833 1 -2
1947 3 6 275 815 -1 -5
1948 3 3 959 65 -1 2
1949 3 3 635 827 3 -5
1950 3 2 113 491 -3 1
1951 3 2 125 725 3 -5
1952 3 1 455 95 3 3
1953 3 6 401 5 -1 -2
1954 3 3 881 77 -6 4
1955 3 6 161 833 -3 3
1956 3 5 437 281 6 -2
1957 3 5 467 779 2 6
1958 3 5 809 755 1 3
1959 3 6 719 461 -6 3
1960 3 6 173 899 4 -6
1961 3 6 305 143 -2 -6
1962 3 6 803 47 -2 -2
1963 3 4 113 665 -1 1
1964 3 5 59 359 1 1
1965 3 4 935 527 4 -1
1966 3 6 17 683 -5 1
1967 3 5 779 443 -1 6
1968 3 2 581 815 6 4
1969 3 4 617 557 -4 -2
1970 3 5 113 989 -6 5
1971 3 5 449 575 -1 -5
1972 3 4 371 35 -3 6
1973 3 4 101 107 -2 -2
1974 3 5 29 143 -3 1
1975 3 4 929 191 2 5
1976 3 3 707 215 -2 1
1977 3 3 977 755 1 4
1978 3 4 719 893 4 1
1979 3 3 383 35 -1 -6
1980 3 1 743 989 -1 6
1981 3 1 323 815 2 -2
1982 3 2 305 623 6 6
1983 3 3 401 653 4 2
1984 3 4 725 263 -5 -1
1985 3 4 671 653 2 -6
1986 3 2 911 95 6 -5
1987 3 3 239 641 6 6
1988 3 3 755 593 2 6
1989 3 5 191 197 -2 1
1990 3 4 221 113 6 -4
1991 3 6 941 365 2 2
1992 3 3 749 395 -6 6
1993 3 4 683 851 -3 1
1994 3 3 5 995 6 -5
1995 3 1 719 407 5 -6
1996 3 1 137 215 -3 1
1997 3 2 23 719 -5 -4
1998 3 4 5 905 -6 1
1999 3 1 845 707 2 2
2000 3 2 761 551 6 -1
2001 3 5 821 383 3 3
2002 3 1 23 173 1 -2
2003 3 4 161 185 -6 -5
2004 3 5 977 677 -3 4
2005 3 6 995 89 2 3
2006 3 3 605 575 -3 2
2007 3 1 545 779 -4 -1
2008 3 1 587 755 -2 -6
2009 3 3 227 887 3 3
2010 3 4 761 533 -4 5
2011 3 1 239 131 1 -5
2012 3 2 347 23 1 3
2013 3 6 215 335 -5 4
2014 3 3 893 467 -5 6
2015 3 6 749 11 4 4
2016 3 5 287 695 6 1
2017 3 2 581 983 -1 -6
2018 3 2 341 263 -3 -1
2019 3 2 629 971 6 6
2020 3 3 803 629 5 -2
2021 3 1 533 431 4 2
2022 3 2 689 467 2 1
2023 3 5 647 953 3 6
2024 3 2 887 413 -1 -1
2025 3 4 497 797 -6 -3
2026 3 6 863 725 -2 -6
2027 3 5 107 5 6 -2
2028 3 5 527 191 -5 -3
2029 3 2 749 119 6 4
2030 3 1 377 563 -2 -5
2031 3 5 461 653 2 -1
2032 3 2 317 5 1 4
2033 3 4 845 803 5 1
2034 3 1 473 815 -6 2
2035 3 4 557 167 -5 1
2036 3 4 539 953 4 3
2037 3 3 629 77 -3 -5
2038 3 6 689 71 1 -6
2039 3 4 59 797 -4 2
2040 3 6 467 593 1 -1
2041 3 1 137 425 -4 1
2042 3 2 719 329 -5 1
2043 3 6 449 323 2 2
2044 3 5 593 35 1 1
2045 3 3 419 413 -2 1
2046 3 5 839 641 -4 2
2047 3 6 641 191 -6 -4
2048 3 5 545 509 1 1
2049 3 4 509 461 2 -3
2050 3 3 95 197 1 1
2051 3 3 599 989 -2 3
2052 3 4 719 995 -5 -6
2053 3 4 161 707 6 -1
2054 3 2 827 623 -3 3
2055 3 3 71 893 1 3
2056 3 1 449 227 6 1
2057 3 2 677 221 3 -4
2058 3 4 791 59 3 -4
2059 3 6 341 947 1 2
2060 3 5 509 617 -6 -3
2061 3 4 5 119 2 2
2062 3 6 905 587 -2 1
2063 3 2 935 203 5 -2
2064 3 4 725 971 3 -3
2065 3 3 479 899 -2 2
2066 3 6 515 659 -2 1
2067 3 1 899 287 4 -4
2068 3 3 47 671 1 -2
2069 3 4 401 377 -2 2
2070 3 6 515 317 -2 -5
2071 3 6 851 911 5 -4
2072 3 1 791 395 -1 -4
2073 3 6 755 509 1 -3
2074 3 3 941 725 5 4
2075 3 2 941 965 -5 -2
2076 3 1 287 257 4 -2
2077 3 3 461 473 4 -2
2078 3 2 23 797 2 -2
2079 3 2 683 533 -6 -6
2080 3 2 473 845 5 -5
2081 3 1 587 737 1 -3
2082 3 5 881 743 1 -4
2083 3 2 887 329 4 6
2084 3 1 677 425 2 -1
2085 3 3 215 353 2 1
2086 3 6 107 863 -1 -3
2087 3 2 515 821 -4 -3
2088 3 6 995 785 -4 2
2089 3 1 965 839 2 -1
2090 3 2 443 689 1 5
2091 3 4 47 527 -3 5
2092 3 6 167 425 -5 3
2093 3 1 359 851 -2 -5
2094 3 3 521 59 4 3
2095 3 5 881 125 4 -1
2096 3 5 791 191 4 -5
2097 3 3 413 437 -1 -6
2098 3 3 545 503 5 3
2099 3 6 113 401 5 5
2100 3 4 455 623 1 -1
2101 3 4 941 971 6 -2
2102 3 5 479 965 -4 1
2103 3 4 281 395 5 2
2104 3 4 53 617 -1 1
2105 3 5 863 227 6 4
2106 3 1 347 533 1 -5
2107 3 4 971 161 4 6
2108 3 6 725 53 -3 2
2109 3 3 311 983 -2 -3
2110 3 5 269 653 -1 5
2111 3 5 419 791 -2 4
2112 3 3 551 257 -4 1
2113 3 4 863 185 1 -1
2114 3 2 329 461 -5 -6
2115 3 3 263 239 -5 -3
2116 3 1 77 707 6 -2
2117 3 4 359 35 4 3
2118 3 4 821 773 5 4
2119 3 6 479 395 -4 -5
2120 3 3 107 923 3 -6
2121 3 4 707 473 -5 -6
2122 3 5 107 77 2 -1
2123 3 1 797 497 1 4
2124 3 5 437 809 1 2
2125 3 3 5 485 5 -1
2126 3 3 419 983 -1 1
2127 3 5 47 167 3 -4
2128 3 3 785 377 2 4
2129 3 6 527 821 -6 6
2130 3 5 293 89 -5 5
2131 3 6 923 521 6 5
2132 3 1 143 23 3 -3
2133 3 2 857 245 6 -5
2134 3 5 491 911 1 1
2135 3 1 773 455 -6 3
2136 3 4 743 119 2 1
2137 3 5 173 761 5 3
2138 3 6 167 977 -3 6
2139 3 3 695 389 1 2
2140 3 2 839 971 1 -5
2141 3 6 797 617 1 6
2142 3 4 59 239 -3 -1
2143 3 1 827 263 3 -5
2144 3 2 587 485 -3 6
2145 3 3 269 635 -2 3
2146 3 3 665 287 4 4
2147 3 5 929 257 -5 -1
2148 3 6 83 131 -5 -6
2149 3 3 269 899 5 5
2150 3 6 665 275 -1 2
2151 3 4 425 155 -1 -2
2152 3 6 671 857 -2 -1
2153 3 3 215 455 2 5
2154 3 1 887 665 2 -5
2155 3 2 65 323 3 5
2156 3 1 467 287 -3 2
2157 3 1 563 659 5 6
2158 3 4 473 461 6 3
2159 3 4 509 623 3 -5
2160 3 2 107 755 1 -2
2161 3 5 881 959 -1 1
2162 3 3 413 881 2 4
2163 3 1 707 407 4 1
2164 3 5 563 101 3 -1
2165 3 5 215 935 -6 5
2166 3 6 737 173 6 5
2167 3 1 329 29 6 2
2168 3 4 353 293 -6 5
2169 3 2 245 629 5 4
2170 3 3 503 563 -2 4
2171 3 4 989 311 -2 4
2172 3 3 551 767 4 -1
2173 3 3 203 137 -4 -6
2174 3 5 497 941 -1 1
2175 3 2 65 77 -4 1
2176 3 3 359 785 -1 1
2177 3 2 569 245 1 2
2178 3 2 173 965 4 -6
2179 3 6 377 887 2 -4
2180 3 6 863 761 5 -5
2181 3 2 779 137 -6 4
2182 3 6 563 215 -1 2
2183 3 3 59 467 -6 3
2184 3 2 557 143 -2 -6
2185 3 3 275 905 -6 -1
2186 3 5 401 149 -3 2
2187 3 2 17 527 -5 -6
2188 3 3 827 671 -2 3
2189 3 5 563 689 1 1
2190 3 5 947 641 2 3
2191 3 1 317 611 4 2
2192 3 1 545 23 6 -2
2193 3 2 641 767 -5 -1
2194 3 6 35 695 -5 -4
2195 3 1 89 611 2 -5
2196 3 3 215 983 6 2
2197 3 2 839 353 4 2
2198 3 4 317 803 6 -6
2199 3 5 455 575 5 -4
2200 3 2 659 497 -3 5
2201 3 3 707 203 -3 -5
2202 3 4 83 455 -4 4
2203 3 1 335 845 -5 -4
2204 3 3 317 911 -6 -4
2205 3 6 863 659 -2 -3
2206 3 3 941 137 1 -6
2207 3 5 803 581 -4 5
2208 3 6 917 467 -6 -5
2209 3 2 743 851 -5 4
2210 3 3 839 965 4 -5
2211 3 4 965 989 -2 4
2212 3 5 335 833 5 4
2213 3 4 563 107 -1 6
2214 3 1 629 371 -6 3
2215 3 1 65 905 -1 -3
2216 3 5 125 311 1 3
2217 3 1 275 89 -4 5
2218 3 2 647 215 -2 -4
2219 3 5 773 293 5 1
2220 3 3 113 107 -4 3
2221 3 3 545 77 3 -4
2222 3 1 899 125 1 1
2223 3 1 611 443 -3 -4
2224 3 4 389 401 -3 -6
2225 3 5 233 815 2 4
2226 3 2 581 977 -6 5
2227 3 3 599 935 3 3
2228 3 3 353 401 -2 -5
2229 3 1 935 17 3 -1
2230 3 3 959 773 -6 -3
2231 3 5 539 845 -1 -2
2232 3 6 623 659 -5 6
2233 3 4 443 125 1 -4
2234 3 4 965 935 1 -4
2235 3 4 755 677 -5 1
2236 3 1 161 911 -2 2
2237 3 1 965 95 -2 -2
2238 3 2 713 179 2 2
2239 3 2 275 269 -6 -6
2240 3 4 857 887 -3 -5
2241 3 3 575 491 3 2
2242 3 1 59 761 -4 -5
2243 3 4 401 209 3 6
2244 3 1 467 137 5 4
2245 3 4 575 839 6 -5
2246 3 1 977 65 3 -5
2247 3 6 389 155 -2 2
2248 3 1 851 173 1 3
2249 3 3 533 623 6 -1
2250 3 4 263 59 -6 -5
2251 3 4 143 389 6 1
2252 3 5 161 677 -4 6
2253 3 3 269 665 4 5
2254 3 2 497 371 1 2
2255 3 4 287 845 5 -2
2256 3 3 527 449 -4 -3
2257 3 5 59 737 -3 -1
2258 3 2 383 245 -5 1
2259 3 3 257 113 1 -1
2260 3 5 41 503 -3 2
2261 3 1 359 239 5 5
2262 3 6 581 365 -6 -5
2263 3 6 839 635 -4 -3
2264 3 1 497 809 1 4
2265 3 5 641 641 3 5
2266 3 3 335 347 6 -2
2267 3 1 869 533 -1 4
2268 3 4 947 977 5 2
2269 3 4 719 959 -2 3
2270 3 5 905 275 -2 -5
2271 3 3 737 245 -5 -6
2272 3 4 647 263 -3 1
2273 3 6 161 47 -5 2
2274 3 1 707 689 -3 6
2275 3 1 737 791 1 3
2276 3 4 815 995 3 5
2277 3 4 851 737 -2 -6
2278 3 6 473 995 5 1
2279 3 2 473 779 3 -6
2280 3 1 89 767 5 3
2281 3 6 467 263 -4 1
2282 3 6 341 545 -3 -6
2283 3 4 227 251 -2 -2
2284 3 3 287 911 -4 -1
2285 3 1 479 35 -3 2
2286 3 1 149 731 -1 6
2287 3 6 191 989 1 1
2288 3 2 629 125 -5 1
2289 3 3 665 473 3 5
2290 3 4 407 83 -5 5
2291 3 1 779 335 -4 -6
2292 3 6 5 215 6 5
2293 3 6 197 647 6 4
2294 3 4 971 401 -5 3
2295 3 5 911 647 -4 -1
2296 3 2 935 497 2 2
2297 3 4 263 287 -6 6
2298 3 2 551 311 -4 -4
2299 3 4 401 503 -4 2
2300 3 6 251 563 -6 2
2301 3 6 359 659 -4 -6
2302 3 2 269 839 5 -3
2303 3 4 665 887 2 3
2304 3 4 623 95 1 -2
2305 3 4 551 215 3 -6
2306 3 2 893 569 2 5
2307 3 1 65 797 -5 1
2308 3 4 971 671 -6 -1
2309 3 4 509 371 -3 -4
2310 3 2 779 941 -3 -1
2311 3 5 23 149 1 -6
2312 3 6 53 335 5 4
2313 3 1 365 317 -3 -1
2314 3 6 989 929 -2 5
2315 3 4 23 965 -4 -3
2316 3 5 773 839 2 -2
2317 3 3 857 797 4 -4
2318 3 6 167 293 -3 -5
2319 3 4 929 197 -2 -4
2320 3 5 365 947 -4 2
2321 3 2 623 587 -2 1
2322 3 1 833 473 3 -6
2323 3 1 857 845 -6 5
2324 3 1 659 929 1 1
2325 3 6 953 125 5 2
2326 3 5 617 155 -2 4
2327 3 3 173 461 -4 1
2328 3 3 623 605 -5 1
2329 3 6 53 233 -6 5
2330 3 3 899 65 -2 -3
2331 3 1 413 533 4 1
2332 3 1 701 77 2 -3
2333 3 5 845 143 -4 2
2334 3 6 287 977 -6 -6
2335 3 3 251 305 -3 -2
2336 3 3 827 551 4 -1
2337 3 5 593 245 -3 -5
2338 3 4 959 671 -1 3
2339 3 1 179 623 -4 -1
2340 3 4 995 773 -3 -1
2341 3 3 245 413 -1 3
2342 3 5 767 611 1 -4
2343 3 4 5 797 -5 4
2344 3 1 125 155 -2 1
2345 3 5 467 65 -4 3
2346 3 2 179 605 1 6
2347 3 6 659 413 -4 2
2348 3 6 593 851 1 5
2349 3 5 323 899 -2 2
2350 3 3 545 731 -4 3
2351 3 6 419 917 4 -3
2352 3 1 83 497 2 2
2353 3 1 365 857 2 -5
2354 3 5 545 137 2 4
2355 3 3 869 143 6 1
2356 3 5 443 503 6 -4
2357 3 4 251 389 -4 -2
2358 3 6 263 761 5 -6
2359 3 4 965 41 6 -4
2360 3 6 923 689 -5 -5
2361 3 1 365 257 -4 5
2362 3 2 185 329 -1 -4
2363 3 3 977 59 -6 -4
2364 3 2 401 803 6 -4
2365 3 6 491 377 2 1
2366 3 6 287 161 -2 2
2367 3 1 635 173 -2 -4
2368 3 4 881 443 -4 4
2369 3 4 479 185 2 5
2370 3 3 35 341 -5 -1
2371 3 4 821 731 3 -2
2372 3 1 659 311 3 -6
2373 3 2 503 581 -4 -3
2374 3 6 989 497 2 -6
2375 3 5 977 749 1 5
2376 3 4 101 515 4 6
2377 3 4 989 551 -3 -1
2378 3 4 623 827 -6 3
2379 3 6 635 761 -6 4
2380 3 2 35 659 5 -1
2381 3 1 293 527 6 -1
2382 3 6 791 341 1 -5
2383 3 6 221 413 -5 4
2384 3 6 95 677 4 6
2385 3 5 317 173 6 -2
2386 3 1 683 587 4 -6
2387 3 3 767 803 -1 -2
2388 3 3 311 293 -6 -6
2389 3 4 965 23 -2 -5
2390 3 6 77 485 6 -5
2391 3 3 791 869 4 5
2392 3 3 785 65 1 -3
2393 3 6 491 413 1 -1
2394 3 4 689 815 -4 1
2395 3 6 197 569 -2 -5
2396 3 2 659 83 2 4
2397 3 4 629 725 -1 4
2398 3 1 419 971 1 4
2399 3 1 701 353 6 5
2400 3 1 377 323 -4 4
2401 3 3 101 473 -2 5
2402 3 6 683 155 -2 -6
2403 3 4 635 887 -4 -2
2404 3 5 377 857 4 6
2405 3 4 911 251 -6 -1
2406 3 6 551 803 4 6
2407 3 1 299 737 3 -3
2408 3 2 803 449 2 6
2409 3 6 563 419 2 2
2410 3 3 233 17 -3 -2
2411 3 5 467 623 4 -4
2412 3 5 983 809 4 3
2413 3 4 287 575 2 -2
2414 3 2 959 341 -5 -5
2415 3 2 761 785 -1 2
2416 3 2 449 755 -4 1
2417 3 2 725 437 -4 5
2418 3 2 515 287 -2 1
2419 3 2 803 947 -1 2
2420 3 6 755 701 -1 -2
2421 3 6 305 677 4 4
2422 3 6 311 251 6 -5
2423 3 6 905 929 1 -3
2424 3 6 41 407 -3 2
2425 3 4 953 353 -6 -3
2426 3 6 611 437 -3 1
2427 3 5 125 773 4 -5
2428 3 5 635 203 2 -3
2429 3 5 581 275 4 -1
2430 3 3 167 533 6 -1
2431 3 1 641 389 -3 6
2432 3 2 851 281 -6 2
2433 3 1 125 899 -5 2
2434 3 1 167 359 -6 2
2435 3 1 785 353 -4 -1
2436 3 5 473 377 4 -5
2437 3 1 719 617 -6 -3
2438 3 6 977 233 -1 4
2439 3 1 23 983 -5 -5
2440 3 6 845 257 -5 6
2441 3 5 575 209 -5 1
2442 3 4 731 707 5 1
2443 3 2 659 131 -4 -2
2444 3 2 731 383 -5 5
2445 3 6 575 365 5 -1
2446 3 1 23 299 -1 4
2447 3 1 887 509 -2 -4
2448 3 4 5 743 -5 5
2449 3 3 59 275 -1 5
2450 3 1 689 383 -3 -6
2451 3 5 755 623 -1 6
2452 3 3 17 617 -4 5
2453 3 6 629 455 -4 -3
2454 3 3 455 965 1 -5
2455 3 6 485 545 4 -1
2456 3 2 53 653 4 -5
2457 3 3 557 287 1 -6
2458 3 5 443 665 6 1
2459 3 1 449 23 5 2
2460 3 5 971 665 1 1
2461 3 2 941 461 -6 3
2462 3 2 485 911 1 -3
2463 3 2 23 887 5 4
2464 3 5 239 683 -5 5
2465 3 2 575 473 4 3
2466 3 1 845 407 3 -4
2467 3 2 101 833 4 -6
2468 3 4 515 293 1 1
2469 3 6 503 35 5 -2
2470 3 4 377 983 1 4
2471 3 5 341 917 -2 6
2472 3 1 35 599 2 -1
2473 3 2 485 575 -3 -6
2474 3 6 71 5 -3 4
2475 3 6 335 317 6 -1
2476 3 2 857 401 4 4
2477 3 3 401 41 2 4
2478 3 3 641 677 2 5
2479 3 2 815 809 3 4
2480 3 2 491 881 3 1
2481 3 3 977 605 -6 1
2482 3 4 689 185 -1 -1
2483 3 6 311 371 1 -2
2484 3 6 317 395 -4 -4
2485 3 1 623 407 -2 4
2486 3 5 587 959 -1 1
2487 3 2 65 473 -2 1
2488 3 1 245 263 1 3
2489 3 2 317 17 -3 -6
2490 3 2 629 395 -4 -2
2491 3 3 899 545 -6 4
2492 3 1 203 197 3 -1
2493 3 6 359 641 2 -3
2494 3 3 815 761 2 1
2495 3 6 515 161 -6 4
2496 3 5 911 671 -5 6
2497 3 2 53 563 -5 3
2498 3 5 605 155 2 -1
2499 3 5 35 851 4 6
2500 3 2 935 353 6 5
2501 3 3 221 41 -5 4
2502 3 3 893 347 4 6
2503 3 2 953 815 -5 1
2504 3 1 545 635 4 2
2505 3 6 47 827 4 -6
2506 3 3 731 371 2 -2
2507 3 1 503 821 5 3
2508 3 6 377 755 -3 6
2509 3 1 551 371 -2 -6
2510 3 2 581 101 5 -1
2511 3 4 365 863 -6 2
2512 3 2 641 119 -4 -4
2513 3 1 389 959 5 2
2514 3 3 785 983 1 3
2515 3 4 833 485 5 4
2516 3 1 827 299 -1 1
2517 3 6 101 617 3 6
2518 3 4 485 899 2 -1
2519 3 5 227 935 -6 -6
2520 3 5 17 785 -3 -2
2521 3 6 323 491 2 6
2522 3 1 755 269 -6 6
2523 3 3 377 35 -4 1
2524 3 2 389 41 5 1
2525 3 1 353 233 -5 6
2526 3 4 203 371 3 -3
2527 3 3 677 65 -6 -1
2528 3 2 455 941 -1 -3
2529 3 1 689 959 1 1
2530 3 2 395 869 1 6
2531 3 5 101 851 -6 6
2532 3 1 35 5 -5 4
2533 3 4 623 833 -4 -2
2534 3 2 935 191 -2 -5
2535 3 3 611 935 2 -6
2536 3 5 773 53 1 6
2537 3 5 905 767 -3 -1
2538 3 5 41 419 -4 -2
2539 3 5 509 761 2 -1
2540 3 4 857 185 1 6
2541 3 4 833 359 5 1
2542 3 1 821 17 4 6
2543 3 1 23 791 3 -1
2544 3 6 383 11 6 -6
2545 3 5 203 929 1 4
2546 3 4 503 941 4 -6
2547 3 1 467 995 -1 -5
2548 3 4 659 167 -5 -3
2549 3 5 839 137 4 6
2550 3 1 983 359 -4 1
2551 3 3 767 881 -1 3
2552 3 5 863 923 5 -1
2553 3 2 581 899 -1 -3
2554 3 1 161 731 6 4
2555 3 4 185 635 3 3
2556 3 5 905 227 -4 -5
2557 3 5 947 119 2 -2
2558 3 6 383 857 -5 5
2559 3 6 977 101 6 -6
2560 3 5 743 353 -1 4
2561 3 6 575 179 5 4
2562 3 5 605 131 1 3
2563 3 5 431 53 3 6
2564 3 6 539 443 -2 1
2565 3 1 935 263 -4 3
2566 3 5 275 965 -3 -4
2567 3 2 785 275 2 1
2568 3 5 713 161 5 -1
2569 3 5 599 785 1 -4
2570 3 3 845 899 2 -4
2571 3 6 239 599 2 4
2572 3 4 467 29 3 2
2573 3 3 821 203 1 -4
2574 3 4 209 863 1 1
2575 3 1 725 767 -3 -1
2576 3 2 821 755 -5 -6
2577 3 3 695 83 -2 3
2578 3 4 707 737 -2 -4
2579 3 1 233 701 3 -6
2580 3 4 299 611 -3 2
2581 3 6 281 911 3 4
2582 3 3 743 449 2 -1
2583 3 3 125 605 -1 6
2584 3 5 695 623 -1 -5
2585 3 3 659 971 -6 6
2586 3 5 815 479 -3 2
2587 3 2 185 167 4 1
2588 3 3 251 23 -3 -5
2589 3 3 773 275 -1 6
2590 3 5 203 305 2 -5
2591 3 4 407 515 -2 1
2592 3 1 209 581 -5 5
2593 3 4 389 539 2 3
2594 3 4 17 725 -4 -6
2595 3 2 167 341 -4 6
2596 3 3 887 671 -6 4
2597 3 3 641 737 6 -1
2598 3 2 473 785 -3 -3
2599 3 4 653 17 -3 2
2600 3 1 329 497 -4 -2
2601 3 2 179 101 -4 -5
2602 3 3 893 557 -4 -4
2603 3 3 29 125 -2 -2
2604 3 1 569 827 -4 1
2605 3 1 455 47 4 1
2606 3 1 689 845 2 6
2607 3 2 77 137 -6 -6
2608 3 2 677 155 -6 6
2609 3 3 113 287 6 -1
2610 3 6 833 71 4 -3
2611 3 1 857 881 -2 2
2612 3 4 581 677 2 4
2613 3 1 185 539 -6 4
2614 3 2 173 83 -3 5
2615 3 5 593 899 1 5
2616 3 5 221 443 4 -5
2617 3 5 467 179 3 5
2618 3 6 365 77 -1 -4
2619 3 5 401 287 -3 2
2620 3 4 545 809 -1 -6
2621 3 6 479 539 4 4
2622 3 4 341 491 -4 5
2623 3 5 743 299 5 4
2624 3 1 773 911 -1 -2
2625 3 3 521 221 -2 6
2626 3 3 791 533 -1 6
2627 3 3 245 59 -4 -4
2628 3 1 785 719 -1 -3
2629 3 2 41 401 2 6
2630 3 3 29 599 6 3
2631 3 2 317 491 2 5
2632 3 3 911 215 -2 -6
2633 3 6 653 179 5 -2
2634 3 4 239 851 4 2
2635 3 4 863 533 1 5
2636 3 3 293 995 4 3
2637 3 5 917 365 2 -4
2638 3 4 485 533 5 3
2639 3 6 611 149 3 4
2640 3 4 413 803 3 4
2641 3 2 347 689 -3 -2
2642 3 4 803 617 -2 1
2643 3 6 521 785 -1 -5
2644 3 6 419 527 2 3
2645 3 1 803 263 -5 4
2646 3 1 689 575 -3 2
2647 3 4 149 521 4 -6
2648 3 4 353 311 4 3
2649 3 5 875 593 1 6
2650 3 3 377 671 2 6
2651 3 5 311 785 -1 -3
2652 3 6 899 821 -2 -3
2653 3 4 251 989 2 6
2654 3 6 773 581 3 3
2655 3 3 647 617 -1 -1
2656 3 6 533 29 4 1
2657 3 4 473 497 1 3
2658 3 1 965 185 -6 -3
2659 3 4 803 845 -1 -6
2660 3 6 317 281 -6 6
2661 3 3 437 155 4 4
2662 3 4 719 701 -5 -5
2663 3 3 737 29 -2 -1
2664 3 2 5 395 -6 4
2665 3 6 905 263 1 -1
2666 3 6 785 845 -6 -3
2667 3 2 989 719 3 -3
2668 3 4 437 929 5 -3
2669 3 2 107 209 1 2
2670 3 2 17 53 5 3
2671 3 1 371 119 4 1
2672 3 5 257 479 -4 -4
2673 3 6 581 467 -4 -5
2674 3 4 749 593 -5 2
2675 3 2 113 23 -1 2
2676 3 2 971 593 6 -3
2677 3 3 89 407 -5 -1
2678 3 2 341 83 -4 5
2679 3 1 809 491 5 3
2680 3 2 653 833 -3 -3
2681 3 5 119 773 1 -5
2682 3 1 281 755 -2 6
2683 3 6 305 923 -2 -1
2684 3 5 797 923 -1 4
2685 3 3 695 665 -6 -1
2686 3 2 653 77 -2 -1
2687 3 6 629 593 -3 2
2688 3 3 863 59 2 -6
2689 3 6 137 587 -6 3
2690 3 1 311 89 4 -5
2691 3 4 815 797 -2 -2
2692 3 5 5 23 2 5
2693 3 4 263 11 2 -5
2694 3 6 539 719 6 -1
2695 3 5 299 893 2 1
2696 3 4 611 239 -5 -5
2697 3 1 101 299 -1 4
2698 3 4 365 149 -6 1
2699 3 3 539 413 5 -3
2700 3 4 689 89 3 3
2701 3 6 497 851 -5 -1
2702 3 4 905 623 4 6
2703 3 1 707 269 2 -3
2704 3 4 599 797 -6 -1
2705 3 4 35 173 3 -6
2706 3 1 101 569 -4 -2
2707 3 4 989 803 6 -2
2708 3 5 887 197 2 4
2709 3 6 455 977 -6 -2
2710 3 1 17 299 5 5
2711 3 3 845 785 1 -3
2712 3 1 461 323 -3 1
2713 3 4 425 617 -5 -5
2714 3 2 725 755 4 2
2715 3 1 425 149 -1 2
2716 3 5 89 923 3 1
2717 3 2 125 941 -6 6
2718 3 4 755 791 1 -3
2719 3 5 887 929 -1 -3
2720 3 2 491 761 -5 6
2721 3 4 149 473 1 1
2722 3 2 371 257 2 -6
2723 3 5 959 533 -6 -2
2724 3 1 341 35 -5 4
2725 3 5 191 731 3 -1
2726 3 4 41 89 -3 -3
2727 3 5 683 341 -5 6
2728 3 2 191 641 -5 -5
2729 3 3 749 977 -2 5
2730 3 6 683 869 6 1
2731 3 5 827 269 5 -1
2732 3 6 239 59 3 3
2733 3 6 989 131 -1 -2
2734 3 4 857 983 6 -6
2735 3 1 809 275 -2 5
2736 3 6 425 917 6 -5
2737 3 5 455 305 1 -4
2738 3 3 839 647 -4 4
2739 3 3 719 413 5 5
2740 3 1 299 221 2 6
2741 3 4 761 497 6 -1
2742 3 1 887 185 5 2
2743 3 4 983 347 3 -2
2744 3 3 719 119 4 3
2745 3 6 161 749 5 -2
2746 3 4 443 5 -4 5
2747 3 1 437 299 -1 1
2748 3 4 917 65 -4 -3
2749 3 4 767 161 5 -2
2750 3 3 215 233 -2 -1
2751 3 5 203 401 -5 6
2752 3 1 335 299 -1 6
2753 3 3 419 737 3 -1
2754 3 2 311 185 -3 3
2755 3 2 623 869 3 -4
2756 3 2 281 317 -4 3
2757 3 2 413 443 -2 5
2758 3 3 641 557 6 -2
2759 3 5 605 245 6 -3
2760 3 4 83 311 1 -3
2761 3 4 425 797 -4 5
2762 3 3 83 5 -3 -4
2763 3 5 773 137 3 5
2764 3 6 989 455 2 5
2765 3 1 107 287 -6 -3
2766 3 2 989 299 5 4
2767 3 3 743 257 -4 -4
2768 3 5 881 431 -5 -3
2769 3 3 395 47 5 -5
2770 3 1 971 749 -1 1
2771 3 6 473 293 -4 4
2772 3 6 527 617 2 -3
2773 3 6 803 221 4 1
2774 3 2 911 419 -5 -2
2775 3 4 737 497 1 4
2776 3 4 419 29 -2 5
2777 3 5 713 71 -6 -6
2778 3 1 635 935 5 6
2779 3 4 707 113 1 -1
2780 3 6 971 77 -4 -2
2781 3 4 875 683 1 1
2782 3 2 917 431 2 1
2783 3 4 935 395 -6 -5
2784 3 6 587 587 5 1
2785 3 4 803 473 3 -6
2786 3 6 791 701 -3 -3
2787 3 3 323 683 3 -4
2788 3 4 839 347 -5 -3
2789 3 6 53 599 5 -1
2790 3 3 953 179 3 1
2791 3 2 827 413 4 -2
2792 3 3 41 359 -5 -3
2793 3 5 239 725 2 4
2794 3 4 365 917 5 2
2795 3 2 161 209 -4 -2
2796 3 4 689 245 3 2
2797 3 6 779 713 -6 4
2798 3 5 893 161 -6 3
2799 3 5 41 863 -2 4
2800 3 3 365 107 2 -3
2801 3 6 707 305 4 6
2802 3 5 983 239 5 4
2803 3 6 611 275 4 4
2804 3 6 521 857 6 6
2805 3 6 911 209 1 6
2806 3 4 53 497 -1 -1
2807 3 4 113 425 -5 -3
2808 3 2 935 869 2 4
2809 3 3 407 659 5 -3
2810 3 4 647 209 -1 1
2811 3 6 503 443 -3 -1
2812 3 5 755 143 6 3
2813 3 6 359 635 3 -6
2814 3 6 857 461 1 -2
2815 3 6 671 479 -6 5
2816 3 5 953 137 -1 6
2817 3 5 251 497 -4 -3
2818 3 6 65 821 -2 1
2819 3 2 197 761 6 -1
2820 3 2 155 935 -1 -6
2821 3 5 59 545 2 6
2822 3 4 461 815 5 6
2823 3 3 713 89 1 -4
2824 3 6 575 149 6 -2
2825 3 2 101 497 -1 3
2826 3 1 203 347 2 5
2827 3 4 197 533 3 2
2828 3 1 647 821 -1 -5
2829 3 5 281 461 -5 2
2830 3 3 527 365 2 -2
2831 3 1 245 821 1 3
2832 3 2 317 233 4 -5
2833 3 3 359 671 1 2
2834 3 1 515 875 -4 -6
2835 3 3 275 287 1 4
2836 3 6 275 425 4 5
2837 3 4 287 719 5 1
2838 3 6 401 611 -5 3
2839 3 6 215 389 2 -3
2840 3 4 827 221 3 2
2841 3 1 353 869 5 -1
2842 3 6 569 401 -3 -4
2843 3 2 239 227 -1 5
2844 3 2 485 197 1 1
2845 3 3 335 383 -6 -2
2846 3 3 131 797 -5 -1
2847 3 5 497 503 -6 -3
2848 3 6 743 53 -4 5
2849 3 4 629 461 -5 -4
2850 3 3 563 761 -5 -5
2851 3 4 905 395 -2 1
2852 3 5 611 707 -2 -4
2853 3 3 653 815 4 4
2854 3 1 833 77 -5 -3
2855 3 1 77 947 5 -5
2856 3 5 347 359 5 -2
2857 3 6 635 149 1 2
2858 3 4 479 89 2 -3
2859 3 3 875 407 3 2
2860 3 5 155 35 -3 -3
2861 3 1 29 983 5 2
2862 3 4 995 605 2 -4
2863 3 5 509 497 -1 6
2864 3 1 137 5 -3 1
2865 3 3 881 833 2 -4
2866 3 3 791 443 -5 -1
2867 3 4 845 917 1 -1
2868 3 1 689 227 -6 -6
2869 3 2 239 263 5 4
2870 3 6 641 785 1 6
2871 3 2 989 161 -1 1
2872 3 4 59 53 5 -1
2873 3 6 989 755 -3 5
2874 3 5 725 647 5 6
2875 3 6 311 323 5 6
2876 3 5 551 377 -2 -2
2877 3 6 575 665 3 -6
2878 3 1 767 863 2 2
2879 3 1 695 203 4 3
2880 3 6 947 659 4 -4
2881 3 6 989 779 4 -3
2882 3 5 557 539 1 -1
2883 3 4 851 425 -5 3
2884 3 3 617 383 -2 -3
2885 3 2 329 989 2 -2
2886 3 4 155 563 -1 2
2887 3 3 665 953 -2 -3
2888 3 3 239 317 5 2
2889 3 5 113 755 2 -4
2890 3 6 101 671 5 3
2891 3 5 191 647 3 -6
2892 3 3 587 761 -6 -3
2893 3 4 215 41 -5 1
2894 3 2 17 401 -2 6
2895 3 4 707 539 3 2
2896 3 2 683 689 -6 -4
2897 3 3 665 701 -1 -5
2898 3 3 413 677 -4 -1
2899 3 5 689 899 1 -4
2900 3 5 443 323 -6 -4
2901 3 4 383 473 6 -4
2902 3 3 947 833 6 4
2903 3 6 251 737 -1 -4
2904 3 2 953 635 4 6
2905 3 4 383 791 -3 1
2906 3 3 665 821 -6 4
2907 3 4 215 47 6 -1
2908 3 5 155 875 3 4
2909 3 1 977 563 5 -4
2910 3 4 623 839 -5 2
2911 3 4 335 887 -1 -2
2912 3 4 383 53 -2 1
2913 3 4 209 935 4 -2
2914 3 1 425 737 -2 3
2915 3 3 23 257 -5 1
2916 3 3 857 293 4 -1
2917 3 1 575 5 1 4
2918 3 4 299 563 1 -6
2919 3 5 881 635 -2 -5
2920 3 1 149 965 -6 -3
2921 3 3 509 191 2 3
2922 3 6 467 485 3 2
2923 3 2 605 719 -6 6
2924 3 6 485 179 1 -4
2925 3 5 719 623 -4 -2
2926 3 2 815 341 -2 -4
2927 3 1 623 887 1 -1
2928 3 4 701 563 -6 5
2929 3 1 233 827 3 -5
2930 3 3 845 497 -3 6
2931 3 5 113 695 2 1
2932 3 1 851 989 2 -5
2933 3 1 857 47 -2 -1
2934 3 1 299 329 -5 -6
2935 3 3 233 221 2 1
2936 3 4 989 917 -3 -2
2937 3 6 317 581 1 4
2938 3 2 737 563 -5 2
2939 3 2 977 761 5 -2
2940 3 4 893 77 3 6
2941 3 6 773 977 5 -2
2942 3 6 371 161 1 1
2943 3 4 215 95 1 6
2944 3 1 701 203 -1 -5
2945 3 2 815 101 5 -5
2946 3 3 563 323 -3 -2
2947 3 1 647 23 3 2
2948 3 4 905 653 -1 2
2949 3 3 809 503 -4 -2
2950 3 4 275 413 -2 3
2951 3 5 629 545 -1 1
2952 3 2 647 185 -6 -5
2953 3 6 443 389 -2 -6
2954 3 3 95 995 -3 1
2955 3 3 947 695 -5 -4
2956 3 3 23 557 6 -5
2957 3 2 527 539 -3 1
2958 3 6 101 551 4 -4
2959 3 3 365 143 1 -3
2960 3 4 593 311 1 3
2961 3 4 11 257 4 -1
2962 3 4 143 77 -6 -2
2963 3 4 977 125 -3 -3
2964 3 4 173 359 2 6
2965 3 3 959 365 -5 1
2966 3 4 641 569 2 1
2967 3 1 101 359 3 3
2968 3 2 629 389 3 -4
2969 3 5 599 179 -2 -4
2970 3 3 605 377 -6 4
2971 3 5 107 71 2 -2
2972 3 6 569 239 1 4
2973 3 3 881 509 -4 1
2974 3 2 269 305 6 -5
2975 3 2 689 389 -5 -3
2976 3 4 581 197 1 2
2977 3 1 695 467 5 6
2978 3 3 491 845 -4 5
2979 3 2 683 629 5 1
2980 3 4 323 839 4 -5
2981 3 3 179 731 -2 2
2982 3 3 641 941 -5 1
2983 3 2 755 917 5 -6
2984 3 3 281 371 3 1
2985 3 1 47 317 -6 3
2986 3 2 611 17 -5 6
2987 3 2 149 29 1 -1
2988 3 2 551 815 1 6
2989 3 1 755 449 -2 3
2990 3 4 389 983 -2 4
2991 3 6 5 779 6 2
2992 3 6 905 41 1 3
2993 3 3 401 143 -6 -6
2994 3 3 575 59 -1 -6
2995 3 4 629 713 -6 5
2996 3 2 701 743 2 2
2997 3 4 629 425 -5 -5
2998 3 6 107 977 5 1
2999 3 2 899 611 3 2
3000 3 3 395 911 -4 -2
3001 3 6 155 503 -3 -1
3002 3 5 785 359 -3 -4
3003 3 2 119 293 1 2
3004 3 2 443 227 6 1
3005 3 5 803 893 4 -6
3006 3 3 881 245 3 2
3007 3 3 833 581 2 -5
3008 3 2 959 419 6 1
3009 3 3 905 329 -1 -4
3010 3 3 413 761 6 -1
3011 3 4 635 893 5 -3
3012 3 1 131 911 2 6
3013 3 3 23 731 3 -1
3014 3 1 635 11 -4 -5
3015 3 3 923 173 -5 -5
3016 3 1 533 689 -1 4
3017 3 6 869 527 -2 6
3018 3 6 959 293 -1 3
3019 3 3 779 689 -4 3
3020 3 1 917 155 -3 3
3021 3 5 479 407 -5 1
3022 3 5 659 239 -4 6
3023 3 4 833 839 -1 -5
3024 3 2 905 905 1 -3
3025 3 3 155 659 3 1
3026 3 3 311 545 -4 2
3027 3 1 965 767 4 2
3028 3 1 857 359 1 -6
3029 3 4 11 95 5 -3
3030 3 3 497 911 4 3
3031 3 1 611 83 3 -2
3032 3 5 89 599 -1 -1
3033 3 2 881 845 6 -5
3034 3 2 965 389 1 -5
3035 3 6 971 545 5 -3
3036 3 6 785 863 3 -3
3037 3 2 587 185 3 4
3038 3 5 275 95 4 -2
3039 3 1 743 191 -2 2
3040 3 4 305 725 1 -1
3041 3 4 827 179 -5 -3
3042 3 4 443 203 -3 4
3043 3 5 83 647 6 -5
3044 3 6 389 179 1 -3
3045 3 6 635 185 1 -2
3046 3 6 443 395 -2 1
3047 3 5 491 965 4 3
3048 3 2 839 371 1 -3
3049 3 5 263 377 5 1
3050 3 1 461 719 6 1
3051 3 1 743 143 4 1
3052 3 4 491 995 1 -3
3053 3 1 449 719 4 -6
3054 3 3 545 965 -1 -5
3055 3 6 185 281 -6 -2
3056 3 6 905 17 6 2
3057 3 2 143 455 -5 -6
3058 3 6 653 707 6 -2
3059 3 5 635 791 6 5
3060 3 5 965 329 6 -6
3061 3 4 791 947 -6 -2
3062 3 5 119 245 6 -1
3063 3 3 347 509 1 -3
3064 3 4 815 401 -5 -3
3065 3 4 575 731 3 3
3066 3 1 29 113 -1 -5
3067 3 1 635 245 -2 -5
3068 3 3 755 329 1 -6
3069 3 2 713 59 -2 5
3070 3 4 689 257 1 -6
3071 3 1 119 77 -1 -3
3072 3 4 29 47 -2 -6
3073 3 2 245 515 1 -6
3074 3 4 479 443 -2 -2
3075 3 6 377 905 -2 -5
3076 3 2 857 143 3 -1
3077 3 2 509 725 1 3
3078 3 5 581 353 2 -2
3079 3 1 335 53 5 5
3080 3 4 581 455 -4 3
3081 3 5 311 539 -4 6
3082 3 6 209 599 -4 -1
3083 3 1 53 941 2 2
3084 3 3 743 587 -6 5
3085 3 3 773 503 3 6
3086 3 6 299 803 5 4
3087 3 6 89 365 1 4
3088 3 3 521 893 -1 -3
3089 3 6 395 479 4 -6
3090 3 5 395 851 -5 -6
3091 3 3 809 419 6 2
3092 3 5 551 227 6 3
3093 3 4 887 395 5 6
3094 3 5 725 431 5 -1
3095 3 4 851 875 6 2
3096 3 1 215 35 3 1
3097 3 5 143 785 -4 2
3098 3 6 197 509 6 -3
3099 3 1 725 935 6 -5
3100 3 3 503 179 -2 -1
3101 3 3 809 869 -5 2
3102 3 3 707 83 1 2
3103 3 6 155 695 4 -6
3104 3 1 335 341 -6 3
3105 3 6 395 359 4 -6
3106 3 3 119 689 -1 3
3107 3 2 473 491 -4 5
3108 3 6 35 287 3 3
3109 3 4 851 473 -4 -3
3110 3 4 785 11 -3 2
3111 3 5 95 809 3 -2
3112 3 3 623 347 6 1
3113 3 1 101 215 -6 -6
3114 3 4 107 635 2 -5
3115 3 2 629 689 -2 -1
3116 3 4 257 671 -4 -5
3117 3 1 329 785 -4 -1
3118 3 2 311 419 6 2
3119 3 1 737 89 -4 3
3120 3 1 845 233 -1 4
3121 3 6 659 887 2 4
3122 3 4 275 803 -3 2
3123 3 1 395 749 5 -1
3124 3 6 449 647 2 1
3125 3 1 755 983 -2 -5
3126 3 1 5 629 5 2
3127 3 3 545 413 3 2
3128 3 3 275 275 1 1
3129 3 6 779 77 -5 2
3130 3 1 407 917 6 2
3131 3 4 833 533 2 -5
3132 3 2 203 551 5 2
3133 3 3 125 245 -2 3
3134 3 3 5 461 4 -6
3135 3 5 527 227 -2 -3
3136 3 1 653 263 -3 6
3137 3 5 17 587 4 4
3138 3 4 407 401 -5 -1
3139 3 3 437 47 -3 5
3140 3 4 869 581 -1 1
3141 3 2 185 71 3 4
3142 3 1 17 227 -5 1
3143 3 2 965 323 -3 1
3144 3 3 617 851 -3 -6
3145 3 1 689 425 3 -3
3146 3 5 683 59 2 -4
3147 3 4 77 569 3 -3
3148 3 5 857 923 1 1
3149 3 6 779 119 2 -4
3150 3 3 245 155 5 6
3151 3 6 611 905 2 -1
3152 3 5 809 707 3 -1
3153 3 5 443 89 -2 5
3154 3 2 947 167 5 -2
3155 3 1 461 287 -4 6
3156 3 5 431 833 5 6
3157 3 5 443 107 -2 2
3158 3 3 845 455 -2 -4
3159 3 2 311 707 -5 3
3160 3 5 911 383 5 4
3161 3 5 311 695 -3 4
3162 3 4 767 419 -2 -5
3163 3 5 83 881 6 -3
3164 3 1 629 35 5 -2
3165 3 6 947 461 -4 -3
3166 3 6 905 797 -1 -2
3167 3 1 587 137 -2 -6
3168 3 4 353 857 -5 -6
3169 3 1 683 185 2 1
3170 3 1 455 371 -6 -5
3171 3 1 599 215 3 2
3172 3 6 209 713 6 2
3173 3 5 983 509 2 -5
3174 3 1 17 425 -3 4
3175 3 3 905 773 -4 6
3176 3 6 755 875 2 5
3177 3 3 5 407 -2 -1
3178 3 2 935 515 3 -1
3179 3 5 41 251 4 -2
3180 3 5 197 299 -4 -3
3181 3 4 929 767 -1 5
3182 3 6 563 233 -1 6
3183 3 3 47 221 1 -5
3184 3 2 719 287 2 4
3185 3 6 659 989 3 6
3186 3 2 47 605 -4 -2
3187 3 4 437 935 6 -6
3188 3 6 5 269 4 -5
3189 3 4 335 815 5 -5
3190 3 2 131 143 4 4
3191 3 3 905 899 6 3
3192 3 5 155 629 2 4
3193 3 2 563 767 -6 6
3194 3 6 659 455 3 2
3195 3 6 251 89 -5 -4
3196 3 4 221 959 2 -1
3197 3 5 353 215 4 5
3198 3 3 389 191 6 4
3199 3 1 143 971 6 6
3200 3 6 203 575 -5 -3
3201 3 1 605 881 4 -1
3202 3 3 593 107 -3 -4
3203 3 1 827 383 -6 -4
3204 3 6 389 353 -3 6
3205 3 1 191 509 -6 2
3206 3 6 119 173 -5 -6
3207 3 1 509 293 -2 -4
3208 3 2 119 563 -5 -6
3209 3 4 611 35 -1 -2
3210 3 1 803 827 -5 -3
3211 3 4 167 857 6 3
3212 3 5 605 143 -2 -6
3213 3 4 113 587 -5 -6
3214 3 3 41 17 -1 4
3215 3 2 29 857 -3 6
3216 3 5 221 509 -3 2
3217 3 1 335 881 -4 5
3218 3 6 827 71 6 2
3219 3 2 965 551 3 -2
3220 3 5 473 437 4 6
3221 3 2 341 143 -5 -2
3222 3 5 101 275 -6 -1
3223 3 3 323 719 -5 -6
3224 3 4 155 881 -2 -4
3225 3 1 347 587 2 -2
3226 3 4 683 161 4 -6
3227 3 5 755 953 2 -5
3228 3 2 827 83 4 5
3229 3 4 509 203 -2 4
3230 3 4 995 629 -2 2
3231 3 1 263 851 1 1
3232 3 4 71 353 -3 -3
3233 3 1 713 377 4 3
3234 3 4 347 455 6 -3
3235 3 5 125 719 -6 3
3236 3 3 647 89 5 -1
3237 3 6 155 305 5 1
3238 3 4 119 629 -4 -6
3239 3 2 947 851 -5 -3
3240 3 5 857 767 -1 3
3241 3 4 731 653 -4 -6
3242 3 6 413 293 -6 2
3243 3 6 767 311 -6 -1
3244 3 5 773 827 -3 -6
3245 3 5 479 725 6 -1
3246 3 4 41 413 -5 4
3247 3 5 473 419 3 -6
3248 3 1 791 419 -5 6
3249 3 2 281 341 5 -5
3250 3 5 791 899 -5 6
3251 3 2 905 725 -5 3
3252 3 4 401 971 -2 6
3253 3 6 809 173 -4 -4
3254 3 5 323 575 -6 -4
3255 3 2 905 971 -1 1
3256 3 2 425 533 1 4
3257 3 5 299 323 6 2
3258 3 1 59 683 -6 6
3259 3 2 839 461 3 -2
3260 3 2 365 923 5 2
3261 3 4 71 389 1 2
3262 3 3 455 863 -1 -1
3263 3 1 671 533 1 4
3264 3 1 503 677 5 5
3265 3 5 131 509 -3 4
3266 3 1 713 395 1 -5
3267 3 2 935 635 1 6
3268 3 1 473 431 5 -6
3269 3 6 119 767 4 1
3270 3 2 767 359 1 -1
3271 3 6 791 881 -4 -3
3272 3 4 275 539 4 4
3273 3 6 131 245 -4 -3
3274 3 5 83 509 -6 -2
3275 3 6 827 395 -4 -6
3276 3 1 53 455 3 3
3277 3 2 647 275 3 1
3278 3 4 347 431 6 1
3279 3 1 47 791 -2 2
3280 3 6 23 605 5 4
3281 3 1 167 263 -3 -1
3282 3 4 149 989 -4 3
3283 3 4 599 803 6 -5
3284 3 6 437 209 -1 -3
3285 3 5 245 905 6 -2
3286 3 3 257 467 4 5
3287 3 5 755 941 -4 2
3288 3 4 653 947 6 1
3289 3 4 983 587 -5 -6
3290 3 2 89 161 4 5
3291 3 2 185 149 6 6
3292 3 4 149 155 -4 5
3293 3 1 299 263 -6 2
3294 3 2 77 653 -3 -1
3295 3 5 929 809 1 6
3296 3 4 593 635 6 3
3297 3 5 215 161 2 2
3298 3 2 551 491 -4 -1
3299 3 6 887 833 5 2
3300 3 2 599 767 2 2
3301 3 6 641 125 -3 -1
3302 3 4 875 23 3 3
3303 3 4 179 425 5 -4
3304 3 6 953 605 5 -6
3305 3 4 941 761 6 4
3306 3 2 587 365 3 3
3307 3 6 857 821 -1 4
3308 3 1 431 899 5 -6
3309 3 2 137 59 2 -5
3310 3 5 131 773 6 -2
3311 3 6 863 83 1 4
3312 3 6 527 911 4 -3
3313 3 6 569 491 1 -4
3314 3 6 887 383 -1 3
3315 3 6 173 11 3 2
3316 3 4 71 65 6 5
3317 3 3 443 659 1 3
3318 3 5 5 533 1 -4
3319 3 3 899 209 3 -4
3320 3 4 995 545 -1 -3
3321 3 1 929 131 2 -4
3322 3 2 473 761 -4 6
3323 3 4 233 533 -3 3
3324 3 4 11 989 3 -5
3325 3 1 407 395 4 -1
3326 3 4 731 941 5 -5
3327 3 5 131 371 5 -2
3328 3 5 857 167 2 -6
3329 3 3 605 323 -2 1
3330 3 3 473 893 -5 1
3331 3 1 215 443 5 4
3332 3 5 551 233 -1 4
3333 3 4 137 443 2 -6
3334 3 6 575 191 2 4
3335 3 4 401 575 4 2
3336 3 2 185 923 -1 2
3337 3 2 527 941 2 1
3338 3 3 527 803 -2 2
3339 3 6 71 695 3 -6
3340 3 2 971 605 -6 6
3341 3 3 257 617 -2 -1
3342 3 2 497 347 1 -6
3343 3 4 563 29 5 4
3344 3 3 701 119 3 -4
3345 3 4 629 497 -6 4
3346 3 4 893 539 4 5
3347 3 6 551 419 -1 -2
3348 3 5 383 707 6 6
3349 3 3 947 449 3 6
3350 3 2 65 947 -6 -2
3351 3 6 395 413 -4 -2
3352 3 2 251 791 -3 -4
3353 3 5 515 923 -6 -5
3354 3 3 827 227 6 3
3355 3 2 425 395 2 2
3356 3 6 989 227 5 2
3357 3 2 575 569 -2 5
3358 3 1 305 683 -3 3
3359 3 3 737 953 -1 5
3360 3 3 503 413 2 5
3361 3 1 17 251 2 1
3362 3 4 131 95 1 5
3363 3 4 431 551 5 -5
3364 3 6 281 359 -3 -3
3365 3 3 953 161 5 -6
3366 3 5 593 263 -3 6
3367 3 1 767 821 -5 3
3368 3 6 35 731 -5 -6
3369 3 5 641 41 4 -1
3370 3 6 863 851 1 -1
3371 3 2 617 83 -5 5
3372 3 4 803 809 -3 -3
3373 3 6 605 317 -3 5
3374 3 4 791 695 2 -5
3375 3 6 305 419 1 -3
3376 3 1 239 107 2 5
3377 3 1 881 257 3 -6
3378 3 3 89 569 -4 4
3379 3 1 389 53 -6 -1
3380 3 4 737 131 -3 2
3381 3 1 413 203 3 3
3382 3 2 431 167 5 -6
3383 3 6 335 305 -5 -6
3384 3 6 581 425 1 5
3385 3 4 707 773 4 1
3386 3 6 503 125 4 -4
3387 3 1 977 191 2 -4
3388 3 1 875 767 -3 -6
3389 3 5 977 41 -1 -2
3390 3 6 581 821 -1 -1
3391 3 4 941 593 5 4
3392 3 6 407 245 -6 4
3393 3 6 695 593 3 3
3394 3 3 275 59 -2 4
3395 3 1 719 605 -1 -3
3396 3 6 113 551 -3 -2
3397 3 5 191 395 5 -6
3398 3 5 293 797 2 -6
3399 3 3 335 737 3 -6
3400 3 1 503 365 -6 2
3401 3 1 467 311 3 -3
3402 3 5 743 995 -3 -3
3403 3 4 479 389 4 -6
3404 3 6 329 167 4 3
3405 3 1 449 671 2 -6
3406 3 5 875 569 2 -2
3407 3 4 959 413 -5 -6
3408 3 3 647 737 1 1
3409 3 5 707 35 3 -3
3410 3 3 857 557 1 1
3411 3 5 407 389 2 -6
3412 3 5 857 725 -3 1
3413 3 2 935 401 5 4
3414 3 6 53 203 -4 -1
3415 3 5 953 905 2 -1
3416 3 5 605 281 3 5
3417 3 5 485 977 -2 -1
3418 3 1 503 911 -1 -5
3419 3 4 437 275 -1 -3
3420 3 4 743 671 6 -1
3421 3 5 107 473 -2 -3
3422 3 6 935 971 -4 -3
3423 3 4 89 941 4 -2
3424 3 3 179 401 5 3
3425 3 3 989 827 2 2
3426 3 2 359 461 6 -5
3427 3 1 869 419 -3 6
3428 3 6 683 581 5 4
3429 3 1 107 695 -3 -5
3430 3 3 137 983 4 3
3431 3 4 443 47 6 -5
3432 3 1 881 497 -3 -3
3433 3 2 461 677 -3 -6
3434 3 6 641 731 4 5
3435 3 1 977 11 6 -2
3436 3 2 155 167 4 -5
3437 3 2 875 995 -2 6
3438 3 6 347 653 -2 -4
3439 3 2 425 653 2 -6
3440 3 2 347 959 1 -6
3441 3 1 131 497 4 -1
3442 3 6 41 875 2 -2
3443 3 3 545 683 2 -2
3444 3 3 485 467 -2 3
3445 3 3 707 119 6 -2
3446 3 3 527 713 -3 -6
3447 3 4 557 119 3 3
3448 3 4 953 281 -1 -4
3449 3 4 413 239 2 -1
3450 3 4 5 479 -3 2
3451 3 2 389 227 5 -1
3452 3 1 41 659 -4 -3
3453 3 3 947 911 -1 2
3454 3 4 71 377 6 -1
3455 3 4 611 461 -1 2
3456 3 5 911 887 1 -3
3457 3 3 791 167 1 4
3458 3 4 863 635 5 -4
3459 3 4 317 971 -3 -1
3460 3 6 857 893 -4 -4
3461 3 5 779 527 1 -5
3462 3 1 77 305 5 4
3463 3 6 89 107 -2 -2
3464 3 6 311 113 -4 -3
3465 3 6 107 431 -5 2
3466 3 6 461 491 -5 -5
3467 3 5 545 437 -6 -1
3468 3 4 791 683 -5 -5
3469 3 5 53 977 -3 5
3470 3 3 491 53 6 -2
3471 3 2 563 821 3 1
3472 3 6 251 107 1 -5
3473 3 4 725 191 -2 -6
3474 3 5 83 851 2 -6
3475 3 5 629 191 -1 -6
3476 3 4 143 383 5 5
3477 3 1 83 323 2 -2
3478 3 4 47 101 -5 -1
3479 3 6 533 113 1 -2
3480 3 1 197 41 -2 -4
3481 3 1 881 221 2 4
3482 3 3 485 53 3 4
3483 3 6 281 731 1 4
3484 3 4 167 119 4 3
3485 3 3 155 701 1 -4
3486 3 3 185 455 5 3
3487 3 1 695 161 -4 -5
3488 3 6 779 497 -2 -1
3489 3 5 887 923 2 2
3490 3 5 383 923 -3 3
3491 3 6 191 203 5 3
3492 3 2 707 95 1 2
3493 3 6 503 203 1 -4
3494 3 5 485 155 -1 -5
3495 3 3 341 701 -1 6
3496 3 2 41 335 -1 -2
3497 3 3 443 191 1 -5
3498 3 4 497 485 -4 -1
3499 3 6 371 875 -5 2
3500 3 1 35 503 1 1
3501 3 4 815 923 5 5
3502 3 5 329 797 5 -1
3503 3 5 953 833 5 -3
3504 3 5 437 911 -6 1
3505 3 5 719 527 3 -6
3506 3 3 713 317 3 -4
3507 3 4 317 353 -5 5
3508 3 2 101 53 1 -2
3509 3 4 371 989 -6 4
3510 3 6 677 101 5 -4
3511 3 3 131 155 -3 -1
3512 3 5 29 551 -6 6
3513 3 3 353 689 3 4
3514 3 6 995 863 -5 -3
3515 3 5 155 11 6 -1
3516 3 6 425 419 -1 -3
3517 3 3 707 71 6 5
3518 3 3 353 113 -3 -5
3519 3 3 245 179 -6 -6
3520 3 6 719 881 -3 -3
3521 3 4 329 503 -5 5
3522 3 1 677 263 5 -2
3523 3 6 557 569 1 5
3524 3 1 857 323 6 -1
3525 3 4 617 455 -1 -1
3526 3 3 593 479 2 -3
3527 3 6 899 677 6 1
3528 3 4 197 365 -1 1
3529 3 3 419 905 -2 -4
3530 3 6 545 155 6 5
3531 3 6 701 905 -1 -4
3532 3 2 467 545 -2 -3
3533 3 6 569 221 2 6
3534 3 3 221 377 -2 5
3535 3 1 713 299 -1 3
3536 3 2 455 839 3 6
3537 3 4 515 485 4 -6
3538 3 3 149 77 -6 -3
3539 3 1 887 299 -6 -1
3540 3 3 83 677 4 -2
3541 3 3 623 431 -4 -3
3542 3 3 281 179 -4 1
3543 3 6 701 785 -4 4
3544 3 6 101 773 6 -3
3545 3 3 83 503 1 -3
3546 3 2 443 839 3 1
3547 3 2 731 17 5 6
3548 3 6 989 569 -5 -1
3549 3 2 191 209 -4 -2
3550 3 4 251 941 2 1
3551 3 3 161 203 5 4
3552 3 2 965 59 1 -5
3553 3 2 203 209 5 4
3554 3 1 887 371 -2 1
3555 3 6 245 683 2 3
3556 3 5 965 713 5 -6
3557 3 5 719 335 -1 3
3558 3 2 719 989 6 -6
3559 3 4 167 191 1 -5
3560 3 2 875 821 2 1
3561 3 2 479 551 -1 3
3562 3 3 533 257 1 4
3563 3 1 899 893 6 -4
3564 3 4 107 413 -2 3
3565 3 5 929 923 -3 4
3566 3 3 47 161 4 1
3567 3 4 197 233 -3 2
3568 3 2 851 935 -3 -3
3569 3 1 815 791 3 3
3570 3 5 287 749 4 4
3571 3 6 377 701 -5 4
3572 3 6 773 47 -1 -3
3573 3 4 965 305 2 3
3574 3 2 995 665 -2 3
3575 3 4 365 113 -1 6
3576 3 3 11 707 5 -3
3577 3 6 467 215 -1 -1
3578 3 1 137 941 4 6
3579 3 2 191 155 2 -6
3580 3 2 191 881 -6 -6
3581 3 2 287 77 -6 1
3582 3 5 233 527 -2 1
3583 3 1 401 635 5 -6
3584 3 5 791 617 3 5
3585 3 4 419 629 -2 -5
3586 3 4 257 11 5 1
3587 3 6 995 443 3 -6
3588 3 4 587 725 -6 4
3589 3 2 425 263 -6 -5
3590 3 5 329 851 -2 5
3591 3 4 575 113 -3 1
3592 3 6 761 317 -4 3
3593 3 1 941 893 -6 4
3594 3 1 791 95 1 -5
3595 3 2 125 569 -5 2
3596 3 5 161 497 -5 -2
3597 3 4 503 305 -2 5
3598 3 4 833 419 -4 2
3599 3 3 125 317 4 4
3600 3 3 887 839 4 -5
3601 3 6 713 773 3 4
3602 3 3 257 83 3 -2
3603 3 5 911 749 -6 1
3604 3 3 137 329 1 4
3605 3 6 761 437 5 1
3606 3 5 581 617 -6 1
3607 3 6 365 839 4 6
3608 3 6 881 971 -2 6
3609 3 6 371 323 5 -5
3610 3 6 761 89 -6 4
3611 3 1 35 377 -5 5
3612 3 2 443 119 -5 5
3613 3 1 65 989 5 2
3614 3 1 131 953 3 -5
3615 3 3 113 203 4 1
3616 3 3 953 521 -4 -2
3617 3 6 833 227 4 -5
3618 3 3 503 11 3 3
3619 3 6 899 251 4 -5
3620 3 3 53 581 -3 6
3621 3 1 527 851 4 -3
3622 3 2 467 605 5 -2
3623 3 4 143 425 1 3
3624 3 5 503 683 5 -3
3625 3 5 77 185 -4 3
3626 3 4 383 551 2 -1
3627 3 3 773 563 2 -5
3628 3 1 5 47 -3 6
3629 3 6 671 497 6 -3
3630 3 3 749 5 -4 -5
3631 3 6 641 143 -4 -6
3632 3 2 455 311 -4 -1
3633 3 5 359 299 -4 -6
3634 3 5 173 611 -4 3
3635 3 4 251 689 -2 -2
3636 3 3 509 857 -3 4
3637 3 3 539 497 -5 2
3638 3 2 491 581 2 -5
3639 3 6 191 185 6 -3
3640 3 4 569 101 -4 -4
3641 3 6 155 767 5 -3
3642 3 4 395 581 5 4
3643 3 1 593 539 -1 -1
3644 3 1 713 479 -1 -2
3645 3 2 59 137 5 -2
3646 3 6 659 725 -6 -5
3647 3 1 113 437 -1 4
3648 3 5 755 527 2 -6
3649 3 5 209 989 3 -6
3650 3 2 245 581 -5 -4
3651 3 2 821 305 4 -6
3652 3 2 281 527 -4 1
3653 3 4 779 341 2 -3
3654 3 4 401 299 -3 6
3655 3 4 131 689 -2 4
3656 3 2 503 587 -5 2
3657 3 2 23 677 1 -6
3658 3 3 395 989 3 6
3659 3 3 155 149 -5 -1
3660 3 1 569 863 4 -6
3661 3 5 779 89 -1 -4
3662 3 6 257 359 -5 -6
3663 3 6 257 701 -2 -3
3664 3 5 623 167 6 -3
3665 3 2 461 281 -3 -3
3666 3 3 563 251 3 -4
3667 3 6 959 599 -5 2
3668 3 4 221 647 3 2
3669 3 4 887 155 3 4
3670 3 4 329 365 -4 -3
3671 3 1 689 455 -5 -4
3672 3 6 581 623 3 -4
3673 3 5 731 473 4 -3
3674 3 4 179 269 2 3
3675 3 3 581 419 6 1
3676 3 1 431 983 4 -3
3677 3 3 263 413 -1 -5
3678 3 2 11 71 -3 -2
3679 3 6 575 773 -3 -4
3680 3 4 947 173 -3 5
3681 3 4 143 101 3 1
3682 3 5 761 383 -3 2
3683 3 2 113 125 5 1
3684 3 3 995 551 -4 -3
3685 3 1 893 797 -2 1
3686 3 2 899 683 6 5
3687 3 1 713 911 -1 -2
3688 3 1 917 809 -4 -5
3689 3 6 845 275 -4 -2
3690 3 2 779 887 -6 4
3691 3 2 251 431 -4 -5
3692 3 4 671 689 -3 5
3693 3 5 719 923 -6 -2
3694 3 3 407 209 -4 6
3695 3 3 65 575 3 -2
3696 3 1 467 683 1 3
3697 3 4 89 239 -5 -1
3698 3 1 767 461 1 1
3699 3 1 143 767 -5 4
3700 3 5 107 917 4 -1
3701 3 6 683 509 3 -4
3702 3 6 941 41 4 -1
3703 3 4 935 311 -1 1
3704 3 4 71 413 -6 2
3705 3 1 185 875 3 4
3706 3 1 323 95 1 4
3707 3 2 389 839 2 4
3708 3 2 53 917 -4 3
3709 3 3 47 269 5 -2
3710 3 4 599 773 1 -3
3711 3 3 629 575 -6 1
3712 3 3 455 743 6 4
3713 3 2 575 413 2 -5
3714 3 4 179 983 3 4
3715 3 2 515 413 3 -5
3716 3 3 17 161 -5 -2
3717 3 1 731 929 -6 1
3718 3 3 239 179 3 -5
3719 3 1 269 263 -2 5
3720 3 5 611 11 3 -3
3721 3 5 203 179 -4 -1
3722 3 4 485 881 3 -2
3723 3 2 239 653 5 3
3724 3 4 881 863 -2 -3
3725 3 6 167 653 -2 1
3726 3 3 941 665 -6 -4
3727 3 6 743 329 -3 6
3728 3 4 83 617 -4 -4
3729 3 6 161 479 -3 4
3730 3 6 743 407 -2 -3
3731 3 6 197 347 6 -3
3732 3 6 185 257 3 3
3733 3 1 929 263 -1 5
3734 3 2 161 617 4 6
3735 3 3 419 941 -3 -3
3736 3 5 947 185 -4 -2
3737 3 3 761 647 -5 -1
3738 3 2 143 137 -6 -3
3739 3 5 143 617 1 -5
3740 3 3 995 509 2 6
3741 3 4 239 515 -5 4
3742 3 3 551 923 1 6
3743 3 2 839 401 5 -5
3744 3 2 569 455 -5 -2
3745 3 4 905 845 5 -2
3746 3 4 917 515 -3 -6
3747 3 6 419 923 -5 -3
3748 3 2 653 299 1 -4
3749 3 4 797 323 5 1
3750 3 1 455 803 2 4
3751 3 3 713 371 1 4
3752 3 5 971 485 6 3
3753 3 1 461 11 -6 6
3754 3 6 179 173 1 2
3755 3 2 485 437 -2 -3
3756 3 4 425 413 6 -3
3757 3 1 515 521 -6 -6
3758 3 6 371 281 -1 -2
3759 3 5 77 71 -1 -1
3760 3 3 527 587 4 2
3761 3 3 863 869 -4 3
3762 3 3 383 113 -6 5
3763 3 2 917 995 2 4
3764 3 6 749 737 -1 3
3765 3 5 461 173 -5 -3
3766 3 4 287 227 4 -6
3767 3 6 299 731 1 6
3768 3 5 659 905 6 3
3769 3 1 185 83 -1 -6
3770 3 2 575 917 4 4
3771 3 3 401 521 4 1
3772 3 6 515 605 6 -1
3773 3 2 773 119 -3 -2
3774 3 3 995 911 -5 3
3775 3 4 311 35 -6 -4
3776 3 1 47 125 -5 4
3777 3 5 527 473 1 4
3778 3 4 791 917 -4 6
3779 3 5 347 335 5 2
3780 3 2 485 89 4 1
3781 3 2 503 827 3 6
3782 3 6 647 917 -2 4
3783 3 2 941 197 -2 6
3784 3 6 425 539 1 -3
3785 3 5 377 389 4 -6
3786 3 3 491 155 -1 -1
3787 3 1 935 23 3 5
3788 3 3 413 785 -3 4
3789 3 1 821 701 -6 -4
3790 3 2 551 677 -3 4
3791 3 3 857 683 -1 4
3792 3 6 425 599 -3 -4
3793 3 1 455 761 6 -3
3794 3 5 983 653 4 3
3795 3 3 509 557 2 -1
3796 3 2 701 647 -6 -2
3797 3 3 647 779 -1 -4
3798 3 2 287 935 -5 1
3799 3 6 185 767 4 -2
3800 3 6 485 845 3 -2
3801 3 5 335 677 4 5
3802 3 6 665 773 -1 -2
3803 3 3 827 839 1 -6
3804 3 6 983 29 2 -4
3805 3 1 221 545 -4 2
3806 3 1 911 29 2 -6
3807 3 4 845 173 2 -1
3808 3 6 647 17 2 1
3809 3 6 599 719 3 6
3810 3 3 137 635 1 -1
3811 3 5 779 281 -1 2
3812 3 5 59 65 5 -5
3813 3 3 167 353 -4 2
3814 3 3 59 971 6 2
3815 3 3 863 965 -5 1
3816 3 6 947 689 -3 -2
3817 3 1 413 605 1 1
3818 3 6 113 971 1 2
3819 3 5 593 815 -4 -5
3820 3 2 101 701 4 3
3821 3 3 509 665 4 -1
3822 3 2 731 581 -6 2
3823 3 2 467 461 -5 3
3824 3 1 845 491 -4 5
3825 3 2 311 515 3 -4
3826 3 6 545 515 -6 5
3827 3 4 137 893 2 -1
3828 3 2 83 269 5 -4
3829 3 2 221 731 -4 5
3830 3 2 371 947 -2 -4
3831 3 1 449 947 -6 4
3832 3 6 581 749 -2 1
3833 3 5 611 671 3 3
3834 3 6 899 935 4 4
3835 3 6 257 755 6 -3
3836 3 1 143 905 -5 -3
3837 3 6 989 881 6 5
3838 3 3 197 629 -4 -3
3839 3 5 911 743 -4 -3
3840 3 4 647 887 -6 -6
3841 3 3 179 809 -5 -2
3842 3 5 251 293 -3 -6
3843 3 1 641 239 -5 -5
3844 3 4 977 395 -1 -4
3845 3 3 545 59 -5 5
3846 3 5 47 245 -2 -3
3847 3 5 911 197 3 -6
3848 3 6 731 743 -5 -1
3849 3 1 803 563 -5 -5
3850 3 5 149 119 -2 5
3851 3 2 623 881 -4 -1
3852 3 1 59 785 -2 -2
3853 3 6 317 251 -5 2
3854 3 4 809 467 -4 5
3855 3 2 209 329 2 1
3856 3 3 557 185 1 1
3857 3 3 179 761 1 1
3858 3 4 263 773 4 -1
3859 3 3 275 839 1 -2
3860 3 6 749 611 4 5
3861 3 5 269 221 -4 1
3862 3 4 467 629 2 3
3863 3 5 473 863 -1 3
3864 3 3 569 707 -3 -3
3865 3 6 683 191 -6 4
3866 3 3 953 119 5 -6
3867 3 6 143 527 -2 -1
3868 3 3 587 893 2 2
3869 3 3 749 209 -3 -6
3870 3 4 29 539 -3 -6
3871 3 1 149 779 -5 5
3872 3 4 179 353 -5 5
3873 3 3 533 293 -5 1
3874 3 6 917 167 4 -5
3875 3 5 731 503 -3 4
3876 3 6 131 755 -6 -5
3877 3 3 23 359 6 -5
3878 3 2 833 689 -6 5
3879 3 5 245 107 5 -2
3880 3 5 947 359 -1 4
3881 3 1 59 23 2 -6
3882 3 4 317 77 -4 -2
3883 3 1 107 623 3 4
3884 3 2 89 431 6 -1
3885 3 3 677 725 -2 -3
3886 3 4 479 803 1 -2
3887 3 5 407 551 -6 4
3888 3 2 905 425 -5 -2
3889 3 5 341 593 6 -1
3890 3 1 923 659 3 -1
3891 3 5 791 155 -2 4
3892 3 4 431 263 -1 -3
3893 3 5 5 245 3 -4
3894 3 3 269 911 -4 -2
3895 3 4 593 59 -4 2
3896 3 4 887 281 -6 -1
3897 3 3 467 827 -2 4
3898 3 2 389 107 -3 -3
3899 3 6 455 245 -2 4
3900 3 4 887 677 -4 5
3901 3 5 623 941 5 -2
3902 3 5 731 599 -1 -5
3903 3 1 101 485 -4 -5
3904 3 4 305 977 -4 -4
3905 3 1 23 749 -4 4
3906 3 2 431 887 -3 4
3907 3 6 143 371 4 -3
3908 3 4 803 89 -1 -5
3909 3 4 221 17 -4 -6
3910 3 4 431 353 -1 4
3911 3 3 359 599 -4 -4
3912 3 5 671 311 -3 -2
3913 3 6 209 209 -5 -3
3914 3 4 521 137 4 -2
3915 3 4 245 329 -6 -1
3916 3 4 641 113 -1 -1
3917 3 1 407 641 -3 -4
3918 3 5 887 221 -1 5
3919 3 6 161 305 5 2
3920 3 3 167 647 -6 1
3921 3 6 299 521 -6 5
3922 3 5 311 245 -3 -4
3923 3 5 833 257 -4 6
3924 3 6 761 899 2 -3
3925 3 2 71 185 -1 -3
3926 3 1 437 173 -1 6
3927 3 2 185 125 5 3
3928 3 2 365 23 2 3
3929 3 5 743 95 -2 5
3930 3 6 707 317 -6 -2
3931 3 6 923 791 2 -1
3932 3 2 95 713 -2 -4
3933 3 6 143 635 2 -1
3934 3 3 983 677 2 -2
3935 3 3 587 5 4 -2
3936 3 4 791 17 6 -4
3937 3 4 743 815 -5 4
3938 3 4 173 557 5 -4
3939 3 1 443 815 -2 -3
3940 3 5 515 575 6 -1
3941 3 6 347 827 3 -2
3942 3 2 797 743 2 -4
3943 3 2 281 563 -5 -1
3944 3 2 413 743 -5 5
3945 3 6 323 167 2 -4
3946 3 5 857 263 3 -4
3947 3 6 257 611 -3 -1
3948 3 5 965 155 -1 6
3949 3 1 473 767 -3 5
3950 3 1 311 827 -2 -6
3951 3 6 635 371 -6 1
3952 3 1 365 599 1 2
3953 3 5 365 959 -6 -3
3954 3 6 647 179 -5 4
3955 3 4 221 335 -5 -1
3956 3 4 557 239 -1 -4
3957 3 5 653 65 1 -6
3958 3 3 53 227 4 -2
3959 3 2 443 863 -3 -2
3960 3 1 167 125 -1 -6
3961 3 2 395 971 5 1
3962 3 3 179 389 -3 -5
3963 3 6 785 521 -1 3
3964 3 4 263 671 3 5
3965 3 6 119 29 5 4
3966 3 1 533 641 -6 -2
3967 3 4 887 485 -1 2
3968 3 6 425 953 -4 -6
3969 3 2 887 641 1 3
3970 3 1 119 719 -5 5
3971 3 5 983 491 4 2
3972 3 6 557 395 5 -3
3973 3 1 887 311 -2 6
3974 3 6 893 695 -2 -2
3975 3 2 911 143 -4 4
3976 3 3 341 617 -3 -2
3977 3 6 209 437 -2 4
3978 3 2 569 311 -4 -3
3979 3 5 851 41 2 3
3980 3 3 911 653 4 -5
3981 3 6 449 215 -3 6
3982 3 4 947 269 -4 2
3983 3 2 107 35 -3 -3
3984 3 1 617 275 2 4
3985 3 6 929 107 -4 5
3986 3 2 911 167 3 6
3987 3 5 527 203 -3 2
3988 3 4 875 815 2 -6
3989 3 6 929 119 -5 -3
3990 3 1 611 755 -4 -1
3991 3 2 407 725 4 3
3992 3 2 695 431 -1 5
3993 3 5 593 491 -1 -1
3994 3 6 725 185 5 -4
3995 3 4 227 155 -2 -6
3996 3 3 767 137 -3 3
3997 3 3 95 689 4 5
3998 3 5 911 125 5 -5
3999 3 3 575 95 1 -6
