481 481 100
0.001 0 0
0 3 2 257 287 -6 5
1 3 1 47 455 -6 2
2 3 5 269 89 2 -4
3 3 4 317 263 1 6
4 3 6 479 209 1 -2
5 3 3 245 341 5 -4
6 3 6 125 149 5 -1
7 3 5 245 155 -1 -1
8 3 1 17 479 -3 3
9 3 4 329 209 3 -3
10 3 5 131 17 -2 1
11 3 5 467 389 5 4
12 3 4 353 335 2 -4
13 3 5 53 29 2 4
14 3 6 161 263 -6 4
15 3 3 443 113 3 2
16 3 2 317 383 -3 -3
17 3 3 137 221 6 0
18 3 3 47 251 -4 3
19 3 1 293 233 3 2
20 3 6 269 437 3 -5
21 3 2 317 437 6 -6
22 3 5 11 251 -5 -3
23 3 5 389 149 1 5
24 3 5 293 341 2 -2
25 3 6 233 29 2 6
26 3 4 95 311 -4 -3
27 3 3 35 227 -5 -6
28 3 6 371 95 2 -1
29 3 5 5 323 -1 2
30 3 1 299 191 -2 4
31 3 5 287 95 6 -3
32 3 1 401 467 -5 -1
33 3 5 269 311 3 2
34 3 6 407 65 6 2
35 3 1 101 131 -5 6
36 3 6 119 359 -6 0
37 3 1 389 245 -4 3
38 3 3 77 275 3 -1
39 3 4 143 467 6 2
40 3 6 233 245 -3 -2
41 3 1 143 353 -6 6
42 3 2 89 77 6 -2
43 3 5 203 197 5 -4
44 3 2 23 323 -1 2
45 3 4 47 77 -1 3
46 3 1 305 89 1 -1
47 3 3 383 113 0 -3
48 3 3 257 41 -2 -2
49 3 4 329 377 4 -4
50 3 2 281 329 -2 3
51 3 6 407 335 3 -2
52 3 4 299 137 -3 0
53 3 3 449 227 4 -1
54 3 6 383 221 3 5
55 3 5 383 389 2 -5
56 3 1 53 53 -1 5
57 3 5 35 203 4 -5
58 3 3 137 437 -5 3
59 3 6 467 113 6 5
60 3 2 377 107 -5 3
61 3 4 119 11 0 -1
62 3 1 269 299 6 -2
63 3 5 101 239 -4 -2
64 3 4 119 239 -6 -1
65 3 6 191 305 2 4
66 3 5 47 221 -5 5
67 3 6 59 353 -4 -3
68 3 2 251 65 -3 0
69 3 5 251 419 -4 4
70 3 6 425 149 -4 -5
71 3 1 89 347 0 0
72 3 2 101 419 1 6
73 3 2 227 323 6 -2
74 3 3 443 119 5 3
75 3 6 347 425 -2 3
76 3 4 455 77 3 -6
77 3 6 365 191 -3 -1
78 3 1 119 281 4 -2
79 3 1 179 311 5 0
80 3 6 323 335 -4 -3
81 3 4 401 407 -4 4
82 3 3 59 425 1 -6
83 3 5 377 125 -2 2
84 3 4 179 263 6 6
85 3 3 245 137 5 1
86 3 1 191 299 6 6
87 3 5 479 197 -6 -1
88 3 2 11 401 2 -6
89 3 6 425 41 -6 3
90 3 4 209 167 3 5
91 3 3 413 287 -3 -1
92 3 3 311 179 -4 -2
93 3 6 71 23 6 -4
94 3 2 383 185 -1 4
95 3 4 473 167 0 -4
96 3 3 143 419 -1 -6
97 3 3 257 203 4 4
98 3 4 353 197 3 -4
99 3 4 41 431 -5 -1
